FID,Field1,Bandnumb,BQI_A,season,lat,lon,RASTERVALU
0,1,31840,0.368657371026000,1617,-77.452286000000001,169.233297999999990,-0.040063153952400
1,2,31884,-0.071713659522300,1718,-77.453011000000004,169.231520999999990,0.030724763870200
2,3,31948,0.003112517135700,1718,-77.452744999999993,169.232251999999990,-9999.000000000000000
3,4,31977,0.187036258517000,1718,-77.452973999999998,169.233216000000000,-0.000198441004613
4,5,31979,0.151805169675000,1617,-77.452799999999996,169.233036000000000,-9999.000000000000000
5,6,32019,0.020553939254100,1617,-77.452738999999994,169.233854000000010,-0.018589597195400
6,7,32026,0.253859552499000,1516,-77.453473000000002,169.228897999999990,-9999.000000000000000
7,8,32087,0.142255542173000,1516,-77.451885000000004,169.233045000000000,-0.085761748254300
8,9,32107,0.020553939254100,1617,-77.453335999999993,169.239575000000000,-9999.000000000000000
9,10,32124,0.139167330780000,1617,-77.451936000000003,169.231711999999990,-0.000562220229767
10,11,32159,-0.098790363029800,1718,-77.452706000000006,169.233607000000010,-0.012507891282400
11,12,32189,-0.168916613127000,1617,-77.452330000000003,169.233139999999990,0.026096083223800
12,13,32204,0.234542970304000,1718,-77.452209999999994,169.232267000000010,-9999.000000000000000
13,14,32221,-0.207205108125000,1617,-77.452217000000005,169.232717000000010,-0.017442496493500
14,15,32231,-0.055463934629200,1718,-77.452033000000000,169.232600999999990,-9999.000000000000000
15,16,32248,-0.207205108125000,1617,-77.452443000000002,169.234387000000000,-0.082211375236500
16,17,32324,-0.101826620486000,1415,-77.453075999999996,169.229943999999990,0.007379624526950
17,18,32348,0.329466955185000,1617,-77.452611000000005,169.229637999999990,0.019118513912000
18,19,32355,0.080610300955200,1516,-77.452521000000004,169.234496000000010,-9999.000000000000000
19,20,32378,-0.153689952542000,1415,-77.452174999999997,169.233524999999990,-9999.000000000000000
20,21,32426,0.166333454041000,1718,-77.452264999999997,169.234860000000000,-9999.000000000000000
21,22,32462,0.216071089648000,1718,-77.452268000000004,169.230599000000010,0.037539500743200
22,23,32480,-0.117363646680000,1415,-77.449955000000003,169.228680000000000,-0.057196587324100
23,24,32509,-0.147690257379000,1617,-77.453554999999994,169.223429000000010,-9999.000000000000000
24,25,32565,0.453268181943000,1617,-77.452258000000000,169.233268000000010,-0.033681102097000
25,26,41336,0.033691398753100,1617,-77.452911000000000,169.226338000000000,0.032650195062200
26,27,41543,-0.103087252157000,1516,-77.452617000000004,169.235452000000010,-0.018219068646400
27,28,41617,0.089633900028900,1516,-77.452954000000005,169.233785000000010,-9999.000000000000000
28,29,41854,0.160166899174000,1718,-77.453119000000001,169.233295000000000,-9999.000000000000000
29,30,42197,0.032287824181400,1516,-77.457606999999996,169.256800000000000,-9999.000000000000000
30,31,42317,0.061811055260200,1718,-77.452428999999995,169.231789999999990,-9999.000000000000000
31,32,42766,0.095892822071800,1516,-77.452720999999997,169.232094999999990,-9999.000000000000000
32,33,42853,0.065073099299200,1415,-77.453096000000002,169.232020000000010,0.001583395875060
33,34,43318,0.052200254761700,1617,-77.453445000000002,169.238189000000010,-9999.000000000000000
34,35,43522,0.098904113228900,1718,-77.453006000000002,169.233398999999990,-0.028374442830700
35,36,43575,0.005922081161550,1718,-77.452904000000004,169.233307999999990,-9999.000000000000000
36,37,43655,0.019542653552800,1718,-77.453120999999996,169.233752000000010,-9999.000000000000000
37,38,43757,0.041754363758100,1617,-77.452674000000002,169.234737000000000,-0.035549554973800
38,39,43907,-0.033915477151700,1718,-77.452900999999997,169.234048000000000,0.014273089356700
39,40,44233,-0.146279008775000,1415,-77.451868000000005,169.224786999999990,-9999.000000000000000
40,41,44317,0.141023805625000,1415,-77.452849999999998,169.232381000000000,0.018018797040000
41,42,44329,-0.050803148736100,1415,-77.452834999999993,169.236255000000000,-9999.000000000000000
42,43,44352,0.005483462798620,1718,-77.453084000000004,169.232295999999990,-0.000696125731338
43,44,44403,-0.178679633442000,1617,-77.453023999999999,169.232589999999990,0.001739783794620
44,45,44436,0.057172041724900,1617,-77.452477000000002,169.230543000000010,-9999.000000000000000
45,46,44510,0.087275046889500,1516,-77.453590000000005,169.227748999999990,-0.018478112295300
46,47,44554,0.264039612348000,1718,-77.451840000000004,169.221460000000010,-0.009674568660560
47,48,44739,0.081680782135800,1718,-77.452470000000005,169.230940000000000,-0.024126255884800
48,49,44953,-0.049231920412400,1718,-77.455078999999998,169.235829999999990,-0.007407464552670
49,50,45151,0.297460467431000,1415,-77.453362999999996,169.239319999999990,-0.036532539874300
50,51,45179,0.083955132925700,1617,-77.454549000000000,169.236214999999990,-9999.000000000000000
51,52,45903,-0.118733892990000,1718,-77.454035000000005,169.237668000000010,-0.002139892196280
52,53,45967,-0.140033333081000,1617,-77.455325999999999,169.246018999999990,-0.094939328730100
53,54,45981,-0.018733892990100,1718,-77.453658000000004,169.235186000000000,-9999.000000000000000
54,55,45983,-0.065567462243700,1617,-77.452759000000000,169.231466000000010,-0.009039002470670
55,56,45989,0.193549323467000,1617,-77.457567999999995,169.241629999999990,-9999.000000000000000
56,57,46084,0.043072313920400,1617,-77.455685000000003,169.223615999999990,-0.010962611064300
57,58,46085,-0.050644721897400,1617,-77.452860999999999,169.224238000000010,0.041778475046200
58,59,46133,-0.145265962247000,1718,-77.452341000000004,169.229529000000010,-9999.000000000000000
59,60,46135,0.049959966406000,1617,-77.456292000000005,169.240455999999990,0.073700867593300
60,61,46146,0.305930407266000,1415,-77.452395999999993,169.228715999999990,-9999.000000000000000
61,62,46196,0.221317143462000,1516,-77.452754999999996,169.232176000000010,-9999.000000000000000
62,63,46210,0.046768810697600,1718,-77.452000999999996,169.225445000000010,-0.016556648537500
63,64,46226,-0.262342472654000,1718,-77.454931999999999,169.231820000000000,-9999.000000000000000
64,65,46234,0.401235735845000,1617,-77.452612000000002,169.233946000000000,-0.015699408948400
65,66,46249,0.192636790594000,1718,-77.453147000000001,169.232018000000010,-0.035124033689500
66,67,46279,0.264040828454000,1718,-77.452730000000003,169.234133000000010,-9999.000000000000000
67,68,46286,-0.153929639691000,1415,-77.452245000000005,169.232181999999990,-0.009440631605680
68,69,46311,0.042287629965600,1718,-77.452927000000003,169.233336000000010,-9999.000000000000000
69,70,46318,0.039150106820700,1415,-77.454926000000000,169.233118999999990,-9999.000000000000000
70,71,46324,0.008580191599340,1718,-77.452040999999994,169.232160999999990,-0.016017427668000
71,72,46334,-0.098764264155200,1617,-77.452787000000001,169.231123000000000,0.006636835634710
72,73,46335,-0.098157549372000,1516,-77.453076999999993,169.230351000000010,-9999.000000000000000
73,74,46404,-0.178379957482000,1617,-77.452640000000002,169.233465999999990,-0.004154235590250
74,75,46408,-0.188481600804000,1718,-77.452799999999996,169.234272000000000,-0.033354848623300
75,76,46435,-0.111320211440000,1617,-77.454419000000001,169.236278000000000,0.013208066113300
76,77,46449,0.024994259889500,1415,-77.452910000000003,169.236254000000000,-0.020282141864300
77,78,46478,-0.003901607651620,1718,-77.452822999999995,169.234506000000010,-0.043655853718500
78,79,46514,0.188533958317000,1617,-77.452644000000006,169.233915000000000,-0.009150929749010
79,80,46536,-0.114069227884000,1516,-77.452923999999996,169.235772000000000,-0.016236165538400
80,81,46555,0.280882266845000,1718,-77.452691000000002,169.233154000000010,-9999.000000000000000
81,82,46581,0.223151511539000,1516,-77.452702000000002,169.231485999999990,-0.005289399530740
82,83,46599,0.037979685449400,1718,-77.452770999999998,169.234563000000010,-0.044121850282000
83,84,46604,0.094794542891800,1516,-77.454081000000002,169.238217999999990,-9999.000000000000000
84,85,46639,0.137432915999000,1516,-77.451176000000004,169.223223999999990,-0.007316825445740
85,86,46640,0.151235735845000,1617,-77.453238999999996,169.228703000000000,-9999.000000000000000
86,87,46641,-0.123553942593000,1718,-77.453571999999994,169.228620000000010,-9999.000000000000000
87,88,46645,-0.120242345920000,1617,-77.454908000000003,169.239958000000000,-0.010747899301400
88,89,46678,-0.052451066488400,1718,-77.452916999999999,169.232260999999990,-9999.000000000000000
89,90,46680,0.049959966406000,1617,-77.452921000000003,169.231585000000000,0.025779716670500
90,91,46715,-0.235810242130000,1415,-77.453271000000001,169.229270000000010,-0.034218475222600
91,92,46746,-0.129720019117000,1718,-77.455366999999995,169.228012000000010,0.001646147342400
92,93,46777,0.239349422369000,1718,-77.452307000000005,169.229706999999990,0.012644873000700
93,94,46792,0.005930407266300,1415,-77.453373999999997,169.237017000000010,-0.013248146511600
94,95,46813,-0.331922825764000,1617,-77.452523999999997,169.235054999999990,-0.048455912619800
95,96,46821,-0.276718538883000,1617,-77.453165999999996,169.234996999999990,-9999.000000000000000
96,97,46856,-0.202927489248000,1617,-77.453771000000003,169.236608999999990,-9999.000000000000000
97,98,46872,-0.096108042080100,1516,-77.453627999999995,169.235497000000010,-0.027261773124300
98,99,46907,-0.075924986445400,1718,-77.452924999999993,169.235971000000010,-9999.000000000000000
99,100,46984,-0.059367140862600,1516,-77.455532000000005,169.239728000000010,-9999.000000000000000
100,101,47010,0.105930407266000,1415,-77.452078000000000,169.230257999999990,0.008429322391750
101,102,47062,0.168077174236000,1617,-77.454559000000003,169.238069999999990,-9999.000000000000000
102,103,47092,-0.015430930821900,1617,-77.452404000000001,169.234343999999990,-0.044941324740600
103,104,47096,-0.124847089109000,1415,-77.452014000000005,169.231081999999990,0.006908353883770
104,105,47226,-0.015554506799800,1718,-77.453342000000006,169.229257999999990,-9999.000000000000000
105,106,47367,-0.092167588481700,1718,-77.452600000000004,169.231891999999990,-9999.000000000000000
106,107,47515,0.177130383426000,1718,-77.453213000000005,169.234568999999990,-9999.000000000000000
107,108,47594,0.306540223759000,1617,-77.453091000000001,169.234440000000010,-9999.000000000000000
108,109,47616,0.036868253906400,1415,-77.453733000000000,169.229609000000010,-9999.000000000000000
109,110,47679,0.147972734008000,1617,-77.454787999999994,169.236757000000010,-0.002988476073370
110,111,47764,0.195183550474000,1718,-77.453722999999997,169.229094000000000,-9999.000000000000000
111,112,47842,0.125726569914000,1415,-77.458116000000004,169.247145999999990,-9999.000000000000000
112,113,47867,0.010463716759600,1718,-77.452196999999998,169.228194000000000,-9999.000000000000000
113,114,47953,0.188376846153000,1617,-77.452352000000005,169.227214000000000,-0.009192624129350
114,115,48099,0.274661509092000,1415,-77.452224999999999,169.232977000000010,-0.026732210069900
115,116,48188,-0.151423204937000,1516,-77.453056000000004,169.232047999999990,0.002948550041760
116,117,48221,-0.251972477234000,1718,-77.454139999999995,169.240321999999990,-0.009795468300580
117,118,48255,0.058373296446300,1415,-77.452518999999995,169.231306999999990,0.010691590607200
118,119,48326,-0.014508008860000,1718,-77.453228999999993,169.231137999999990,-9999.000000000000000
119,120,48379,-0.167300026550000,1415,-77.453354000000004,169.234993000000000,-0.042033862322600
120,121,48391,0.000727448612559,1718,-77.451823000000005,169.230245999999990,-9999.000000000000000
121,122,48431,0.100727448613000,1718,-77.453068000000002,169.229963000000000,0.007379624526950
122,123,48504,0.141092609377000,1718,-77.451920000000001,169.230050000000010,-9999.000000000000000
123,124,48613,0.256684897534000,1415,-77.453271000000001,169.229194000000010,-9999.000000000000000
124,125,48643,0.061587870450500,1718,-77.451729000000000,169.227465999999990,-0.040124509483600
125,126,48718,0.041324342853800,1516,-77.453048999999993,169.233026000000000,-0.018030343577300
126,127,48783,0.326274773098000,1516,-77.451811000000006,169.230412000000000,-9999.000000000000000
127,128,48803,-0.085669293126900,1718,-77.453997999999999,169.225401000000010,0.036441069096300
128,129,48840,-0.118956844855000,1718,-77.451623999999995,169.231491000000010,-0.033335506916000
129,130,48877,-0.073160883036400,1617,-77.451947000000004,169.230449999999990,-9999.000000000000000
130,131,48878,-0.073160883036400,1617,-77.452298999999996,169.229590000000000,0.012926061637700
131,132,48882,-0.158030187297000,1516,-77.453575000000001,169.228017999999990,-0.022051321342600
132,133,48883,-0.206935115594000,1718,-77.454566999999997,169.236106000000010,0.021245190873700
133,134,48930,-0.049784672180000,1718,-77.454487999999998,169.235598000000010,-0.019993321970100
134,135,48970,0.264552567728000,1415,-77.453093999999993,169.227854000000010,-9999.000000000000000
135,136,48978,0.088830961760900,1718,-77.452402000000006,169.227625999999990,-0.010475196875600
136,137,49012,0.129091861116000,1718,-77.453019999999995,169.232338000000000,0.002132657449690
137,138,49021,0.196994793896000,1516,-77.451172999999997,169.228939999999990,-9999.000000000000000
138,139,49030,-0.065045108569100,1415,-77.452870000000004,169.236377000000000,-0.032976120710400
139,140,49113,-0.113747006845000,1415,-77.453014999999994,169.231409000000010,0.030924828723100
140,141,49184,0.048722820490400,1415,-77.453343000000004,169.228434999999990,-0.028842817992000
141,142,49188,0.463087194745000,1415,-77.459598000000000,169.230072000000010,0.061061631888200
142,143,49229,-0.000250816244575,1718,-77.452299999999994,169.224317000000010,0.005886252038180
143,144,49234,-0.073160883036400,1617,-77.453073000000003,169.230375000000010,-9999.000000000000000
144,145,49268,-0.245726017513000,1516,-77.452161000000004,169.227252999999990,-0.001103747054000
145,146,49279,-0.026748756934200,1516,-77.453019999999995,169.236078999999990,-0.022591829299900
146,147,49330,-0.017912511677200,1718,-77.456224000000006,169.225865000000000,-0.005985599476840
147,148,49336,0.141959908389000,1415,-77.453672999999995,169.229231000000000,-0.052554577589000
148,149,49347,-0.112072970954000,1516,-77.453272999999996,169.229659000000000,-0.025176646187900
149,150,49389,0.139225044656000,1617,-77.452690000000004,169.229689000000010,-0.003734481055290
150,151,49415,0.129816189810000,1617,-77.452841000000006,169.234760999999990,-9999.000000000000000
151,152,49420,-0.082997177566200,1617,-77.453001000000000,169.231814000000010,-9999.000000000000000
152,153,49455,-0.057888686178100,1718,-77.454644999999999,169.236740999999990,-0.002715536160390
153,154,49468,0.423450372839000,1415,-77.459109999999995,169.232710000000000,-9999.000000000000000
154,155,49494,-0.152755948405000,1617,-77.453074999999998,169.235952999999990,-0.019572494551500
155,156,49528,0.142111313822000,1718,-77.453171999999995,169.232052000000010,-0.028251942247200
156,157,49575,0.189504383042000,1516,-77.452955000000003,169.231415000000000,-9999.000000000000000
157,158,49631,0.284302618663000,1516,-77.455546999999996,169.241048000000010,-9999.000000000000000
158,159,49632,0.026359946698900,1415,-77.454295000000002,169.241075999999990,-0.034641701728100
159,160,49646,-0.011046054575500,1415,-77.453524000000002,169.236199000000000,-9999.000000000000000
160,161,49670,-0.175731374515000,1617,-77.453117000000006,169.232969999999990,-0.018268084153500
161,162,49768,-0.300115532621000,1617,-77.453389000000001,169.239105999999990,-9999.000000000000000
162,163,49779,-0.036946626040500,1718,-77.452605000000005,169.235477000000000,-0.021749893203400
163,164,49818,-0.039845719195500,1617,-77.452910000000003,169.236288000000000,-0.029293170198800
164,165,49826,-0.112072970954000,1516,-77.453541000000001,169.235111999999990,-0.041869357228300
165,166,49842,-0.205784612818000,1718,-77.452622000000005,169.231979999999990,0.009946023114030
166,167,49865,0.118317197871000,1617,-77.452629000000002,169.235613000000000,-0.021279174834500
167,168,49869,0.117617667364000,1718,-77.453095000000005,169.234348000000010,-0.023378659039700
168,169,49877,0.284801127620000,1415,-77.452948000000006,169.232762000000010,-9999.000000000000000
169,170,49898,0.282579799540000,1516,-77.452996999999996,169.236436000000000,-0.030226018279800
170,171,49943,-0.182119487009000,1415,-77.452562999999998,169.235566000000010,-9999.000000000000000
171,172,49945,-0.145430370574000,1516,-77.453006999999999,169.236443000000010,-0.023629739880600
172,173,49954,0.310464763249000,1415,-77.454212999999996,169.241007999999990,-9999.000000000000000
173,174,49972,-0.075274472579700,1415,-77.452892000000006,169.236594000000000,-9999.000000000000000
174,175,49984,-0.214481113875000,1617,-77.455590999999998,169.238058000000000,0.039749328047000
175,176,49990,0.023615646672500,1718,-77.451763999999997,169.228803000000000,-9999.000000000000000
176,177,49995,-0.063878581724600,1415,-77.453052999999997,169.233901000000000,-0.007126942276950
177,178,50000,-0.042935563700900,1617,-77.452012999999994,169.232094999999990,-0.014695162884900
178,179,50005,-0.198290705624000,1516,-77.451892000000001,169.225952000000010,0.004224769771100
179,180,50022,0.118134460953000,1415,-77.452652000000000,169.229376000000000,-9999.000000000000000
180,181,50028,0.093023432746900,1516,-77.453975999999997,169.239183999999990,-9999.000000000000000
181,182,50029,-0.081434780429900,1617,-77.453452999999996,169.237992999999990,-9999.000000000000000
182,183,50030,0.117617667364000,1718,-77.452807000000007,169.230685999999990,0.014637649990600
183,184,50034,0.072210344948600,1617,-77.453245999999993,169.236683000000000,-0.017453910782900
184,185,50054,0.310464763249000,1415,-77.453035000000000,169.234151999999990,-0.019672231748700
185,186,50100,-0.001120989822280,1617,-77.453318999999993,169.229870000000010,-9999.000000000000000
186,187,50115,0.115785558500000,1516,-77.449687999999995,169.228690000000000,-9999.000000000000000
187,188,50131,0.219172539281000,1516,-77.453062000000003,169.234941999999990,-0.025554917752700
188,189,50171,0.006506556253090,1718,-77.452956000000000,169.233571000000010,-0.014337703585600
189,190,50197,-0.064242033519100,1718,-77.452019000000007,169.224103000000010,-0.013245338574100
190,191,50198,0.212816182359000,1516,-77.453372000000002,169.235120999999990,-9999.000000000000000
191,192,50223,-0.037440310859200,1617,-77.453036999999995,169.234649999999990,-0.001811507157980
192,193,50229,-0.087308416130300,1718,-77.452714999999998,169.231230000000010,0.010048570111400
193,194,50236,0.171063401859000,1415,-77.452945000000000,169.233510999999990,-9999.000000000000000
194,195,50259,0.213618422418000,1617,-77.450643999999997,169.224283000000010,-0.005764564964920
195,196,50292,-0.035186074159000,1718,-77.454502000000005,169.230775999999990,-9999.000000000000000
196,197,50328,-0.018542813611500,1415,-77.453097999999997,169.232720000000000,-0.013247572816900
197,198,50332,-0.326274976333000,1718,-77.452826999999999,169.233337000000010,0.003906263038520
198,199,50346,0.044200517432200,1415,-77.452898000000005,169.233440000000000,-9999.000000000000000
199,200,50352,0.119322207110000,1415,-77.457920999999999,169.244391000000010,0.065782941877800
200,201,50395,0.117617667364000,1718,-77.452614999999994,169.229558000000000,-0.001160208950750
201,202,50399,-0.032635386044300,1617,-77.453066000000007,169.232091000000000,0.001632278435860
202,203,50406,0.088891726770700,1617,-77.453202000000005,169.219071000000010,0.062153220176700
203,204,50412,0.061328686871000,1415,-77.451535000000007,169.226247000000000,-0.045406833291100
204,205,50416,0.228728778475000,1718,-77.453074000000001,169.229615999999990,0.028823113068900
205,206,50448,-0.136631929517000,1718,-77.452917999999997,169.223465000000000,-9999.000000000000000
206,207,50494,-0.006801858102580,1718,-77.454592000000005,169.229811000000010,-0.006624488625680
207,208,50529,0.060685039732400,1617,-77.451712999999998,169.227926999999990,-0.004920986946670
208,209,50538,0.087559689140800,1617,-77.453496999999999,169.220059999999990,0.017894197255400
209,210,50562,-0.141040133940000,1617,-77.452752000000004,169.231279000000000,0.006370003800840
210,211,50577,-0.167627732664000,1718,-77.451905999999994,169.222581999999990,0.006637332495300
211,212,50607,0.143798096582000,1415,-77.453789000000000,169.239531000000000,-9999.000000000000000
212,213,50625,0.023615646672500,1718,-77.453017000000003,169.230860000000010,-9999.000000000000000
213,214,50696,0.243317197871000,1617,-77.451943000000000,169.230308000000010,-9999.000000000000000
214,215,50707,-0.184988205112000,1516,-77.452592999999993,169.234704999999990,-0.040310915559500
215,216,50723,0.130791236034000,1617,-77.456053999999995,169.223875999999990,-9999.000000000000000
216,217,50761,0.339839889586000,1718,-77.452758000000003,169.230223999999990,-9999.000000000000000
217,218,50774,-0.015563791729200,1617,-77.452731999999997,169.232911000000000,0.044972512871000
218,219,50799,0.044200517432200,1415,-77.452254999999994,169.235277000000000,-9999.000000000000000
219,220,50842,-0.194808159586000,1617,-77.452995999999999,169.231354000000010,0.030792903155100
220,221,50898,-0.256512351621000,1617,-77.451655000000002,169.231350999999990,-0.032839395105800
221,222,50899,0.134090213560000,1415,-77.454390000000004,169.240696000000010,-0.048466634005300
222,223,50903,0.051448709818900,1718,-77.452627000000007,169.234805999999990,-9999.000000000000000
223,224,50914,0.250639021512000,1718,-77.452360999999996,169.235375000000000,-0.035148408263900
224,225,50931,-0.127275538119000,1718,-77.453112000000004,169.234266999999990,-0.024874391034200
225,226,50936,0.012426685197300,1718,-77.452287999999996,169.235107000000000,-0.055374581366800
226,227,50945,0.071473629730100,1718,-77.452183000000005,169.233380000000010,-0.028900526464000
227,228,50976,0.191303673155000,1718,-77.453011000000004,169.236318000000010,-0.030137766152600
228,229,50978,0.237484298844000,1415,-77.455719000000002,169.242315999999990,-9999.000000000000000
229,230,50981,0.003315009769700,1617,-77.451710000000006,169.230982000000010,-0.018733475357300
230,231,50990,-0.146894660628000,1617,-77.453655999999995,169.237958999999990,-9999.000000000000000
231,232,50992,0.426630304469000,1617,-77.452770000000001,169.234229000000000,-0.044510193169100
232,233,50995,0.207983411738000,1718,-77.452916000000002,169.235643000000010,-0.016591636464000
233,234,50998,-0.133408603187000,1718,-77.452875000000006,169.236481000000000,-9999.000000000000000
234,235,50999,0.045508335134000,1516,-77.457622999999998,169.241192000000010,-9999.000000000000000
235,236,51001,0.016001114923800,1617,-77.453062000000003,169.236178999999990,-0.020017040893400
236,237,51052,-0.027556679297900,1617,-77.452929999999995,169.233134000000010,-0.024681702256200
237,238,51053,-0.037167779783300,1718,-77.452651000000003,169.236030000000000,-9999.000000000000000
238,239,51055,0.207983411738000,1718,-77.452520000000007,169.232101000000000,0.004619543906300
239,240,51061,0.144678656399000,1516,-77.452218999999999,169.233490999999990,-9999.000000000000000
240,241,51069,0.190028200663000,1617,-77.453012000000001,169.233820000000010,-0.024080928415100
241,242,51089,0.209882281448000,1617,-77.453586000000001,169.237673000000000,-9999.000000000000000
242,243,51144,0.036241835908200,1617,-77.452428999999995,169.236055999999990,-9999.000000000000000
243,244,51165,-0.028881285700700,1516,-77.454120000000003,169.239426000000010,-0.056029770523300
244,245,51182,-0.123741764489000,1516,-77.453151000000005,169.232329999999990,-0.036160849034800
245,246,51191,-0.170787631676000,1415,-77.453038000000006,169.229638999999990,0.022068517282600
246,247,51213,0.220185775850000,1718,-77.452968999999996,169.231451999999990,-9999.000000000000000
247,248,51218,0.319506837725000,1415,-77.452764999999999,169.231458000000000,-0.009039002470670
248,249,51234,0.162233906975000,1617,-77.453100000000006,169.229875999999990,-9999.000000000000000
249,250,51242,-0.149965415672000,1718,-77.452879999999993,169.231416000000000,0.016843900084500
250,251,51316,0.122347916030000,1718,-77.456402999999995,169.237461000000000,-9999.000000000000000
251,252,51326,0.010390538714600,1617,-77.453755999999998,169.228563000000010,-9999.000000000000000
252,253,51348,-0.146894660628000,1617,-77.452723000000006,169.229952000000000,-0.020963860675700
253,254,51373,-0.028410697548400,1718,-77.461546999999996,169.285455000000010,-9999.000000000000000
254,255,51416,-0.070290508862500,1617,-77.453581999999997,169.229250000000010,-9999.000000000000000
255,256,51481,0.183463628495000,1516,-77.452990000000000,169.227361000000000,-9999.000000000000000
256,257,51491,0.127268933044000,1718,-77.452590000000001,169.229321000000000,-9999.000000000000000
257,258,51495,0.058621075010100,1617,-77.452659999999995,169.234075999999990,-0.019420702010400
258,259,51548,0.450462641524000,1718,-77.460572999999997,169.228451000000010,0.020935852080600
259,260,51583,0.404195995177000,1415,-77.452511999999999,169.232221000000010,0.001002524863000
260,261,51593,-0.027556679297900,1617,-77.452635999999998,169.234134000000010,-0.023548578843500
261,262,51596,0.360474791682000,1718,-77.451372000000006,169.226023000000000,-9999.000000000000000
262,263,51598,0.212832220217000,1718,-77.452759999999998,169.232938999999990,-9999.000000000000000
263,264,62004,-0.170787631676000,1415,-77.453999999999994,169.237505000000000,-0.013179882429500
264,265,62018,0.315016505558000,1617,-77.452358000000004,169.229814000000000,-9999.000000000000000
265,266,62026,-0.142991918578000,1415,-77.452941999999993,169.231519999999990,-0.009594534523790
266,267,62029,0.352739424305000,1617,-77.452342000000002,169.235529000000010,-0.037309814244500
267,268,62043,0.264673652898000,1617,-77.452625999999995,169.234212000000010,-0.023638958111400
268,269,62061,0.167413553186000,1516,-77.452549000000005,169.234568999999990,-0.034895293414600
269,270,62088,0.160948475215000,1516,-77.452500000000001,169.235042999999990,-0.053735271096200
270,271,62089,-0.092565373874000,1718,-77.457615000000004,169.247718999999990,0.035836536437300
271,272,62092,-0.154491664866000,1516,-77.453363999999993,169.237596999999990,-0.030608361586900
272,273,62103,-0.027556679297900,1617,-77.452573999999998,169.234996000000000,-0.022224720567500
273,274,62106,-0.077654823132500,1617,-77.452316999999994,169.233256000000010,-9999.000000000000000
274,275,62113,-0.029814224150200,1718,-77.452372999999994,169.234649999999990,-0.045987185090800
275,276,62116,0.040658423678000,1718,-77.452280000000002,169.233110000000010,-0.030181020498300
276,277,62117,-0.008408603187420,1718,-77.452865000000003,169.232531999999990,0.021120321005600
277,278,62126,0.100976588591000,1415,-77.453914999999995,169.224856999999990,-9999.000000000000000
278,279,62146,0.115300463559000,1617,-77.452489000000000,169.234228000000000,-0.047348625958000
279,280,62153,0.191303673155000,1718,-77.454440000000005,169.241750999999990,-0.057786442339400
280,281,62155,-0.204912664536000,1617,-77.452320999999998,169.234390999999990,-9999.000000000000000
281,282,62157,0.191735559015000,1516,-77.452358000000004,169.227691999999990,-9999.000000000000000
282,283,62165,0.058621075010100,1617,-77.451862000000006,169.233071999999990,-0.089815936982600
283,284,62174,-0.122974809083000,1415,-77.452397000000005,169.235250000000010,-0.028026474639800
284,285,62184,-0.164220196661000,1718,-77.452481000000006,169.235904000000000,0.000286828988465
285,286,62189,-0.096780069198300,1718,-77.454728000000003,169.244981999999990,-0.070350103080300
286,287,62194,0.161918830994000,1415,-77.454391999999999,169.235254000000000,-9999.000000000000000
287,288,62204,-0.113554923013000,1617,-77.452644000000006,169.236054000000000,-9999.000000000000000
288,289,62212,-0.139248640424000,1718,-77.452375000000004,169.234179000000010,-0.046393655240500
289,290,62220,0.003333861597330,1718,-77.452470000000005,169.234127000000000,-0.048475615680200
290,291,62295,0.125140759148000,1516,-77.450802999999993,169.229127000000010,-9999.000000000000000
291,292,62327,-0.024707954717900,1718,-77.452993000000006,169.232435000000010,-0.052654206752800
292,293,62335,0.065110816290500,1718,-77.452591999999996,169.233486000000000,-9999.000000000000000
293,294,62339,0.361839701547000,1617,-77.455676999999994,169.222907999999990,-0.012145899236200
294,295,62348,0.065110816290500,1718,-77.452285000000003,169.232546000000010,-9999.000000000000000
295,296,62390,-0.101826620486000,1415,-77.452494999999999,169.234866000000010,-0.056156188249600
296,297,69238,0.260978697173000,1415,-77.452355999999995,169.226564999999990,-9999.000000000000000
297,298,69244,0.072239960484000,1617,-77.453024999999997,169.230353000000010,0.023269137367600
298,299,69247,-0.072354636160200,1415,-77.452674000000002,169.229340000000010,-9999.000000000000000
299,300,69258,0.154737976586000,1718,-77.453076999999993,169.229378000000000,-9999.000000000000000
300,301,69273,-0.101588214429000,1415,-77.452220999999994,169.228667000000000,-9999.000000000000000
301,302,69286,-0.081851397214300,1718,-77.452844999999996,169.230218000000010,-9999.000000000000000
302,303,69287,0.111155735688000,1718,-77.453227999999996,169.231421000000010,-0.025362795218800
303,304,69298,-0.098162588834100,1516,-77.452685000000002,169.228926000000000,-9999.000000000000000
304,305,69359,-0.158218086769000,1718,-77.454986000000005,169.231539000000000,-9999.000000000000000
305,306,69361,-0.103443451346000,1415,-77.452928999999997,169.224644000000010,0.020238183438800
306,307,69374,0.099323638986300,1617,-77.453181000000001,169.236719999999990,-9999.000000000000000
307,308,69380,-0.127760039516000,1617,-77.452900999999997,169.231433000000010,-0.003427651943640
308,309,69406,0.150015411569000,1617,-77.454470000000001,169.236137000000010,-0.023707706481200
309,310,69448,0.072239960484000,1617,-77.452624000000000,169.229695999999990,0.019118513912000
310,311,69482,0.055961202139900,1617,-77.452843000000001,169.231459000000000,-9999.000000000000000
311,312,69515,-0.072354636160200,1415,-77.454556999999994,169.240022000000010,-9999.000000000000000
312,313,69524,-0.112559590936000,1617,-77.452791000000005,169.231528999999990,0.005368939600880
313,314,69529,-0.100676361014000,1617,-77.452978000000002,169.233224000000010,-0.003979999106380
314,315,69545,0.055961202139900,1617,-77.452734000000007,169.232210000000010,-0.019699238240700
315,316,69550,-0.077814140904000,1516,-77.452865000000003,169.232633999999990,-9999.000000000000000
316,317,69555,0.135625512806000,1718,-77.452130999999994,169.231396999999990,-9999.000000000000000
317,318,69585,0.023087081667900,1718,-77.456622999999993,169.240997999999990,0.003192004980520
318,319,69609,-0.152428856145000,1617,-77.453153000000000,169.232080999999990,-0.039627715945200
319,320,69644,0.351254816309000,1516,-77.452603999999994,169.236093000000010,-0.032939355820400
320,321,69665,-0.077814140904000,1516,-77.453047999999995,169.232642000000000,-0.003145128488540
321,322,69692,0.033188626124300,1718,-77.453030999999996,169.225156000000000,-9999.000000000000000
322,323,69714,-0.077814140904000,1516,-77.453061000000005,169.233718000000010,-0.013558144681200
323,324,69757,-0.146414189064000,1617,-77.453075999999996,169.233746999999990,-9999.000000000000000
324,325,69760,0.260978697173000,1415,-77.452592999999993,169.234309000000000,-0.030903257429600
325,326,69763,0.158273419852000,1617,-77.455236999999997,169.246348000000010,-9999.000000000000000
326,327,69766,0.150753675736000,1718,-77.450719000000007,169.221707000000010,0.002631613984700
327,328,69773,0.379912227465000,1516,-77.453005000000005,169.234095000000000,-9999.000000000000000
328,329,69785,0.099323638986300,1617,-77.453177999999994,169.230503000000000,-9999.000000000000000
329,330,69811,-0.120087772535000,1516,-77.453033000000005,169.233262000000000,-0.018809091299800
330,331,69828,-0.062502646215600,1718,-77.452709999999996,169.233733000000000,-0.015652824193200
331,332,69838,-0.100676361014000,1617,-77.452555000000004,169.234432000000000,-9999.000000000000000
332,333,69847,0.010512079162800,1718,-77.453050000000005,169.232429999999990,-0.000243582777330
333,334,69857,-0.030769418334100,1718,-77.453095000000005,169.233899000000010,-0.015357647091200
334,335,69871,0.260978697173000,1415,-77.453128000000007,169.232799000000000,-9999.000000000000000
335,336,69876,-0.011928690080600,1718,-77.452867999999995,169.233374000000000,-9999.000000000000000
336,337,69892,-0.077814140904000,1516,-77.453096000000002,169.237865000000000,-9999.000000000000000
337,338,69893,-0.098162588834100,1516,-77.453181000000001,169.234449000000010,-9999.000000000000000
338,339,69898,-0.127760039516000,1617,-77.453040000000001,169.235419000000010,-0.031541030854000
339,340,69913,0.150015411569000,1617,-77.452434999999994,169.235136000000010,-9999.000000000000000
340,341,69925,-0.041945299024800,1718,-77.453092999999996,169.234997999999990,-0.025546707212900
341,342,69928,0.111155735688000,1718,-77.452556999999999,169.235322999999990,-9999.000000000000000
342,343,69936,0.207831861850000,1718,-77.453671000000000,169.229142000000000,-0.065032541751900
343,344,69959,0.107510007764000,1718,-77.452680999999998,169.234069000000010,-9999.000000000000000
344,345,69982,-0.146414189064000,1617,-77.452946999999995,169.236447000000000,-0.054424781352300
345,346,70000,-0.083593182602000,1516,-77.455100999999999,169.238303000000000,-9999.000000000000000
346,347,70054,0.129912227465000,1516,-77.452887000000004,169.230382999999990,-9999.000000000000000
347,348,70059,-0.072354636160200,1415,-77.452762000000007,169.235064999999990,-9999.000000000000000
348,349,70080,-0.161578944821000,1617,-77.455179000000001,169.241367000000000,-9999.000000000000000
349,350,70147,-0.087592988392100,1718,-77.455433999999997,169.242140000000010,-9999.000000000000000
350,351,70164,0.247571143855000,1617,-77.452899000000002,169.233521000000000,-9999.000000000000000
351,352,70189,0.101254816309000,1516,-77.453294999999997,169.237371000000000,-0.031869295984500
352,353,70213,0.237414377152000,1617,-77.452828999999994,169.236054999999990,-9999.000000000000000
353,354,70220,-0.060623067357900,1516,-77.452565000000007,169.229346999999990,0.020198095589900
354,355,70228,-0.000521920094892,1718,-77.452850999999995,169.235788000000010,-9999.000000000000000
355,356,70235,0.011864519109200,1718,-77.453117000000006,169.234767000000010,-9999.000000000000000
356,357,70256,0.177662808419000,1718,-77.451777000000007,169.226369000000010,-0.032047908753200
357,358,70262,0.013577768058200,1718,-77.454460999999995,169.241928000000000,-9999.000000000000000
358,359,70269,0.068977827614600,1718,-77.452905999999999,169.235724000000000,-0.015854747965900
359,360,70303,0.096498737107400,1718,-77.452617000000004,169.235475000000010,-0.018219068646400
360,361,70306,0.002641052375310,1718,-77.452979999999997,169.234913000000010,-9999.000000000000000
361,362,70313,0.068977827614600,1718,-77.453434000000001,169.237799999999990,-0.082834318280200
362,363,70333,-0.017184651979500,1718,-77.453145000000006,169.234282000000010,-0.042233277112200
363,364,70344,-0.070381695858700,1516,-77.452533000000003,169.236636000000000,-0.089771255850800
364,365,70349,-0.131022172385000,1718,-77.452926000000005,169.236168999999990,-0.019046211615200
365,366,70354,0.068977827614600,1718,-77.452841000000006,169.231319000000010,0.005669225938620
366,367,70374,0.034640451374100,1718,-77.452916000000002,169.234165999999990,-9999.000000000000000
367,368,70391,-0.060623067357900,1516,-77.454346999999999,169.239380000000010,0.003157272469250
368,369,70399,0.177662808419000,1718,-77.455533000000003,169.220862000000010,-0.014031317085000
369,370,70437,0.177662808419000,1718,-77.454060999999996,169.234322999999990,-0.016973499208700
370,371,70439,0.202641052375000,1718,-77.452079999999995,169.227010000000010,0.002026259200650
371,372,70447,0.034640451374100,1718,-77.453305000000000,169.239585000000010,-9999.000000000000000
372,373,70449,0.167784330275000,1617,-77.451751999999999,169.230590000000010,-0.019366169348400
373,374,70456,-0.060623067357900,1516,-77.452376999999998,169.234612000000000,-0.037716109305600
374,375,70482,-0.131022172385000,1718,-77.453078000000005,169.234284000000000,-0.023094251751900
375,376,70489,0.281806266858000,1718,-77.456155999999993,169.247111999999990,-0.013596530072400
376,377,70500,0.034640451374100,1718,-77.452978999999999,169.234581999999990,-0.061082866042900
377,378,70512,-0.196422983193000,1718,-77.452590000000001,169.234347000000010,-0.031215300783500
378,379,70529,0.199478079905000,1718,-77.453253000000004,169.231349999999990,0.017406132072200
379,380,70537,-0.095918956181500,1617,-77.449971000000005,169.226817000000010,-9999.000000000000000
380,381,70544,0.034640451374100,1718,-77.452905999999999,169.232403000000010,-9999.000000000000000
381,382,70545,0.182815348021000,1718,-77.452015000000003,169.231368000000000,-9999.000000000000000
382,383,70551,0.068977827614600,1718,-77.453047999999995,169.234100000000010,-0.019716199487400
383,384,70568,-0.082215669725200,1617,-77.453028000000003,169.233467999999990,-0.031363565474700
384,385,70593,0.177662808419000,1718,-77.453361999999998,169.238192000000000,-9999.000000000000000
385,386,70594,-0.060623067357900,1516,-77.454374000000001,169.235474000000010,-0.032352346926900
386,387,70600,0.034640451374100,1718,-77.453091999999998,169.234145000000010,-0.020752755925100
387,388,70622,-0.082215669725200,1617,-77.452814000000004,169.233223000000010,-0.000059474401496
388,389,70662,0.272710265975000,1516,-77.452990000000000,169.233189000000010,-0.003979999106380
389,390,70670,0.202641052375000,1718,-77.453021000000007,169.233627000000010,-0.036713868379600
390,391,70684,0.011864519109200,1718,-77.453344999999999,169.239330000000000,-0.022115314379300
391,392,70685,-0.165359548626000,1718,-77.452940999999996,169.236171000000010,-0.020558862015600
392,393,70708,0.364532284500000,1617,-77.452522999999999,169.233861999999990,-0.064501389861100
393,394,70712,0.114532284500000,1617,-77.454106999999993,169.237648000000010,-9999.000000000000000
394,395,70723,-0.165359548626000,1718,-77.453137999999996,169.231795000000010,-0.032632283866400
395,396,70732,0.096498737107400,1718,-77.451950999999994,169.232741000000000,-0.050423890352200
396,397,70744,0.237414377152000,1617,-77.452956999999998,169.233150999999990,-0.006397201679650
397,398,70757,-0.196422983193000,1718,-77.452281999999997,169.232227999999990,-9999.000000000000000
398,399,70766,-0.131022172385000,1718,-77.453018999999998,169.232869999999990,-0.007655485533180
399,400,70770,0.096498737107400,1718,-77.453006000000002,169.233032000000010,-9999.000000000000000
400,401,70796,0.443016634907000,1415,-77.453084000000004,169.233073999999990,-0.021506007760800
401,402,70807,0.167784330275000,1617,-77.452984999999998,169.234779000000000,-0.003167669288810
402,403,70814,-0.082215669725200,1617,-77.453018999999998,169.231186000000010,-9999.000000000000000
403,404,70816,0.095722995685500,1718,-77.452607999999998,169.233434999999990,-0.033231876790500
404,405,70821,-0.165359548626000,1718,-77.455286999999998,169.233105999999990,-9999.000000000000000
405,406,70862,-0.153501262893000,1718,-77.452843999999999,169.233192000000000,-9999.000000000000000
406,407,70863,0.199454490044000,1617,-77.453106000000005,169.234751999999990,-0.005808010697360
407,408,70880,0.042390664020900,1718,-77.452485999999993,169.236051000000000,-0.001644780277270
408,409,70888,0.167784330275000,1617,-77.452719999999999,169.233172000000000,-9999.000000000000000
409,410,70892,0.021516545426600,1718,-77.452287999999996,169.234769000000000,-9999.000000000000000
410,411,70908,0.053577016806700,1718,-77.453046999999998,169.232381000000000,0.000873706070706
411,412,70914,0.034640451374100,1718,-77.452276999999995,169.232001000000000,-0.013054990209600
412,413,70940,0.167784330275000,1617,-77.452663000000001,169.233757000000000,-0.011249690316600
413,414,70959,-0.060623067357900,1516,-77.453100000000006,169.233858000000000,-0.020254977047400
414,415,70994,0.034640451374100,1718,-77.454108000000005,169.238226000000000,-9999.000000000000000
415,416,70996,0.211864519109000,1718,-77.453323999999995,169.235051000000000,-0.062727630138400
416,417,71024,-0.165359548626000,1718,-77.452366999999995,169.234477000000000,-0.038047041744000
417,418,71030,0.190254613171000,1718,-77.452946999999995,169.234782000000000,-0.022043690085400
418,419,71050,0.033045878844000,1718,-77.456027000000006,169.229454000000000,-0.002444833749910
419,420,71053,-0.082215669725200,1617,-77.453038000000006,169.233616000000010,-0.048437632620300
420,421,71058,-0.082215669725200,1617,-77.452845999999994,169.235668000000000,-0.015159569680700
421,422,71091,-0.165359548626000,1718,-77.453159999999997,169.234685000000010,-9999.000000000000000
422,423,71103,0.272710265975000,1516,-77.452270999999996,169.235151000000000,-9999.000000000000000
423,424,71126,0.123831365939000,1617,-77.452889999999996,169.235700000000010,-0.015753174200700
424,425,71145,0.068977827614600,1718,-77.453445000000002,169.237959999999990,-0.098185554146800
425,426,71161,0.139314414944000,1617,-77.453023999999999,169.236450999999990,-9999.000000000000000
426,427,71164,0.190254613171000,1718,-77.454071999999996,169.236206000000010,-0.055677913129300
427,428,71190,-0.082215669725200,1617,-77.454936000000004,169.241749000000000,-9999.000000000000000
428,429,71203,0.265091659202000,1617,-77.452838999999997,169.234658000000000,-0.038107912987500
429,430,71220,-0.116116136257000,1718,-77.453175000000002,169.232446000000010,-9999.000000000000000
430,431,71246,-0.068241674131700,1617,-77.452828999999994,169.230921999999990,-9999.000000000000000
431,432,71278,-0.068241674131700,1617,-77.452690000000004,169.234478999999990,-0.035474862903400
432,433,71280,-0.116116136257000,1718,-77.452466000000001,169.235745000000010,-9999.000000000000000
433,434,71310,0.142286550142000,1718,-77.452540999999997,169.234685000000010,-0.035362511873200
434,435,71322,-0.068241674131700,1617,-77.453290999999993,169.237153000000010,-0.017307559028300
435,436,71332,0.265091659202000,1617,-77.452269999999999,169.232875000000010,-0.018665933981500
436,437,71346,0.133883863743000,1718,-77.452368000000007,169.235255000000000,-0.033565647900100
437,438,71362,0.142286550142000,1718,-77.452056999999996,169.231125999999990,-9999.000000000000000
438,439,71373,0.344281653483000,1718,-77.452526000000006,169.235533000000000,-9999.000000000000000
439,440,71387,-0.116116136257000,1718,-77.451667999999998,169.231844000000000,-9999.000000000000000
440,441,71404,0.475619883476000,1718,-77.453153999999998,169.231103999999990,-9999.000000000000000
441,442,71424,0.344281653483000,1718,-77.452815000000001,169.236635000000010,-9999.000000000000000
442,443,71426,-0.098416276162600,1617,-77.453063999999998,169.234163999999990,-0.019612858071900
443,444,71438,-0.116116136257000,1718,-77.452884999999995,169.235270000000010,-0.018883271142800
444,445,71439,0.094281653482700,1718,-77.452916000000002,169.234237000000010,-9999.000000000000000
445,446,71462,0.071650701959600,1718,-77.452974999999995,169.233984999999990,-9999.000000000000000
446,447,71472,0.234917057171000,1617,-77.452354000000000,169.234411999999990,-9999.000000000000000
447,448,71475,-0.068241674131700,1617,-77.452753000000001,169.234627999999990,-0.039824359118900
448,449,71477,0.195089497156000,1718,-77.453057000000001,169.233490999999990,-0.026331607252400
449,450,71479,0.094281653482700,1718,-77.452622000000005,169.234381000000010,-0.028459023684300
450,451,71484,-0.116116136257000,1718,-77.451606999999996,169.231831000000000,-0.092522121965900
451,452,71497,0.195089497156000,1718,-77.453360000000004,169.237744999999990,-9999.000000000000000
452,453,71511,-0.068241674131700,1617,-77.452831000000003,169.235812000000010,-9999.000000000000000
453,454,71525,0.194269622723000,1718,-77.461832000000001,169.289192000000010,-9999.000000000000000
454,455,71528,-0.191046783191000,1718,-77.453017000000003,169.237561000000000,-0.028567200526600
455,456,71556,0.049017748628200,1718,-77.452010999999999,169.232492000000010,-9999.000000000000000
456,457,71562,0.142286550142000,1718,-77.452056999999996,169.230985000000000,-9999.000000000000000
457,458,71569,0.344281653483000,1718,-77.462356000000000,169.224333000000000,-0.061549738049500
458,459,71587,0.265091659202000,1617,-77.452568999999997,169.235755000000010,-9999.000000000000000
459,460,71595,-0.068241674131700,1617,-77.454199000000003,169.239019000000010,-9999.000000000000000
460,461,71600,0.094281653482700,1718,-77.452633000000006,169.233408999999990,-0.001975288614630
461,462,71608,-0.068241674131700,1617,-77.453045000000003,169.236471999999990,-0.021357778459800
462,463,71611,-0.068241674131700,1617,-77.452472000000000,169.236424000000000,-9999.000000000000000
463,464,71621,-0.068241674131700,1617,-77.452563999999995,169.234036000000000,-9999.000000000000000
464,465,71632,0.071650701959600,1718,-77.452822999999995,169.234728999999990,-0.038420993834700
465,466,71652,-0.068241674131700,1617,-77.452642999999995,169.234330000000000,-0.028526175767200
466,467,71689,0.265091659202000,1617,-77.452573000000001,169.233746000000000,-9999.000000000000000
467,468,71695,0.344281653483000,1718,-77.452059000000006,169.229944999999990,-9999.000000000000000
468,469,71722,0.060262532817500,1718,-77.453265000000002,169.237229000000010,-0.017795374617000
469,470,71762,0.133883863743000,1718,-77.453255999999996,169.236860000000010,-0.018130443990200
470,471,71783,0.071650701959600,1718,-77.452929999999995,169.236116000000010,-0.019876021891800
471,472,71800,0.377242104004000,1617,-77.452466999999999,169.232440000000000,-9999.000000000000000
472,473,71801,0.133883863743000,1718,-77.452822999999995,169.231520999999990,-9999.000000000000000
473,474,71808,0.133883863743000,1718,-77.453035999999997,169.234658999999990,-0.001811507157980
474,475,71816,0.133883863743000,1718,-77.452856999999995,169.236039000000010,-9999.000000000000000
475,476,71817,0.094281653482700,1718,-77.453298000000004,169.236687999999990,-0.015892924740900
476,477,71864,-0.078725804599100,1617,-77.452590999999998,169.233755000000000,-9999.000000000000000
477,478,71903,-0.077495992949600,1617,-77.453075999999996,169.235177999999990,-0.035816378891500
478,479,71906,-0.191046783191000,1718,-77.451847000000001,169.232091999999990,-0.002940247068180
479,480,71912,0.422504007050000,1617,-77.452511000000001,169.234242999999990,-9999.000000000000000
480,481,71925,-0.068241674131700,1617,-77.453086999999996,169.233616000000010,-9999.000000000000000
481,482,71944,-0.078725804599100,1617,-77.450689999999994,169.228030999999990,0.014978232793500
482,483,71949,0.195089497156000,1718,-77.454487999999998,169.237919000000010,-9999.000000000000000
483,484,71953,0.194269622723000,1718,-77.452477000000002,169.236468000000000,-9999.000000000000000
484,485,71957,-0.116116136257000,1718,-77.452397000000005,169.235464000000010,-0.028228539973500
485,486,71961,-0.068241674131700,1617,-77.452752000000004,169.233228999999990,-9999.000000000000000
486,487,71984,0.094281653482700,1718,-77.452502999999993,169.235120999999990,-0.051753055304300
487,488,72001,0.265091659202000,1617,-77.453074000000001,169.235930000000000,-0.019572494551500
488,489,72003,-0.068241674131700,1617,-77.452640000000002,169.233810000000010,-0.012144992128000
489,490,72004,-0.155718346517000,1718,-77.452940999999996,169.234169000000010,0.013425754383200
490,491,72018,0.133883863743000,1718,-77.453326000000004,169.231605000000000,-9999.000000000000000
491,492,72034,-0.048503224846500,1516,-77.453149999999994,169.233807000000010,-9999.000000000000000
492,493,72054,-0.068241674131700,1617,-77.453018999999998,169.237576999999990,-0.028567200526600
493,494,72060,0.133883863743000,1718,-77.451552000000007,169.231069999999990,-0.017742082476600
494,495,72069,-0.068241674131700,1617,-77.453314000000006,169.234806999999990,-0.018132476136100
495,496,72079,0.133883863743000,1718,-77.452814000000004,169.231100000000000,-0.005673475097860
496,497,72080,0.195089497156000,1718,-77.452926000000005,169.236392000000000,-0.032534237951000
497,498,72089,-0.068241674131700,1617,-77.453828000000001,169.236132000000000,-9999.000000000000000
498,499,72113,-0.068241674131700,1617,-77.452757000000005,169.234833000000010,-9999.000000000000000
499,500,72126,0.133883863743000,1718,-77.452926000000005,169.236414000000000,-0.032534237951000
500,501,72140,0.133883863743000,1718,-77.452550000000002,169.234778000000010,-0.035634122788900
501,502,72148,0.142286550142000,1718,-77.452680999999998,169.229531000000010,-9999.000000000000000
502,503,72156,-0.116116136257000,1718,-77.452528999999998,169.234801000000000,-0.042163375765100
503,504,72158,0.195089497156000,1718,-77.452483999999998,169.234179000000010,-0.047348625958000
504,505,72165,-0.138243836177000,1718,-77.452530999999993,169.233381000000010,-9999.000000000000000
505,506,72786,0.185722573377000,1718,-77.452661000000006,169.235423999999990,-9999.000000000000000
506,507,72792,0.231575023743000,1718,-77.452950999999999,169.235891000000010,-9999.000000000000000
507,508,72829,0.231575023743000,1718,-77.452692999999996,169.233659999999990,-0.012556849978900
508,509,72838,-0.053983329046600,1617,-77.455286000000001,169.224058000000010,-9999.000000000000000
509,510,72884,-0.053983329046600,1617,-77.452979999999997,169.235789000000010,-9999.000000000000000
510,511,73014,0.231575023743000,1718,-77.452967000000001,169.235481999999990,-9999.000000000000000
511,512,73071,0.231575023743000,1718,-77.452602999999996,169.235846000000010,-0.019868096336700
512,513,73076,-0.053983329046600,1617,-77.453018999999998,169.234410000000000,-9999.000000000000000