OBJECTID,IN_FID,NEAR_FID,NEAR_DIST,NEAR_RANK
1,0,673,0.000000000000000,1
2,0,2,4.524035684936025,2
3,0,674,51.492222951543333,3
4,0,29,97.408871192541127,4
5,0,23,99.077366583230017,5
6,0,28,107.843262223055970,6
7,0,27,114.419876862927230,7
8,0,455,114.616118562471730,8
9,0,438,129.623955951291660,9
10,0,439,139.334871812745580,10
11,0,675,139.700080725300670,11
12,1,2,0.000000000000000,1
13,1,674,0.000000000000000,1
14,1,677,38.177133283148883,2
15,1,673,51.492220211482270,3
16,1,675,55.662179925534815,4
17,1,676,55.662834091801031,5
18,1,6,66.622117733073111,6
19,1,23,70.191816116277508,7
20,1,29,106.714485383723100,8
21,1,758,113.401447003150200,9
22,1,28,114.734029543483830,10
23,2,675,0.000000000000000,1
24,2,676,5.379851957053295,2
25,2,677,29.532028404144178,3
26,2,2,55.662153063978373,4
27,2,674,55.662153063978373,4
28,2,6,98.034913965468306,5
29,2,673,139.700049291814140,6
30,2,742,155.958593807424280,7
31,2,23,177.981827715298350,8
32,2,678,214.692293986343230,9
33,2,758,216.209482987247840,10
34,3,676,0.000000000000000,1
35,3,675,5.379785858588029,2
36,3,677,13.291008344379557,3
37,3,2,55.662856037111347,4
38,3,674,55.662856037111347,4
39,3,6,82.182226572115454,5
40,3,742,138.995937809978700,6
41,3,673,149.878594619885010,7
42,3,23,176.321012671102810,8
43,3,678,198.339369471077480,9
44,3,658,203.152553081769300,10
45,4,677,0.000000000000000,1
46,4,6,6.065523641208237,2
47,4,676,13.290976827184769,3
48,4,675,29.531982890776000,4
49,4,2,38.177136579891794,5
50,4,674,38.177136579891794,5
51,4,742,64.722901550714198,6
52,4,678,122.692515930957360,7
53,4,23,124.865065475383760,8
54,4,658,129.622539099734380,9
55,4,9,134.380547519711090,10
56,5,678,0.000000000000000,1
57,5,658,1.640703563520870,2
58,5,659,3.742996262286042,3
59,5,10,13.036292055408159,4
60,5,657,16.241063228247739,5
61,5,8,22.601919273912983,6
62,5,9,24.770351500142507,7
63,5,11,38.240036975825475,8
64,5,742,48.525313803317658,9
65,5,12,51.796407381193958,10
66,5,774,51.796407381193958,10
67,6,679,0.000000000000000,1
68,6,455,2.285999745864044,2
69,6,29,3.082431690358981,3
70,6,757,3.082431690358981,3
71,6,490,14.357151543903649,4
72,6,20,27.639578557691888,5
73,6,32,32.824827500673102,6
74,6,680,44.103733438499390,7
75,6,491,46.630077803922973,8
76,6,22,46.747920560336397,9
77,6,773,46.747920560336397,9
78,7,680,0.000000000000000,1
79,7,455,3.807001488741145,2
80,7,447,16.700701103272149,3
81,7,32,36.530947877562944,4
82,7,29,43.824898903575658,5
83,7,757,43.824898903575658,5
84,7,679,44.103742761151267,6
85,7,429,49.986380809602473,7
86,7,490,51.541582620647254,8
87,7,491,57.368040617241753,9
88,7,52,74.410726621411115,10
89,8,681,0.000000000000000,1
90,8,51,7.191630491969413,2
91,8,42,10.301754268263213,3
92,8,45,16.901406998372664,4
93,8,761,17.055683004408849,5
94,8,428,17.426048685680769,6
95,8,41,18.924010892120286,7
96,8,429,23.820297711854760,8
97,8,44,31.687171772867757,9
98,8,49,46.660936982161608,10
99,8,46,48.130943565003051,11
100,9,682,0.000000000000000,1
101,9,685,12.587714255905246,2
102,9,76,20.623292374927935,3
103,9,81,26.299796845298587,4
104,9,686,30.108110468090274,5
105,9,688,33.903037748359075,6
106,9,38,35.055882379905476,7
107,9,85,43.090812552800784,8
108,9,691,43.670807910741125,9
109,9,687,43.790662114174971,10
110,9,751,44.499098489561753,11
111,10,683,0.000000000000000,1
112,10,64,7.634849285429593,2
113,10,69,7.694529881195873,3
114,10,65,8.148597983390532,4
115,10,67,11.166459934682761,5
116,10,66,13.536461402565902,6
117,10,62,16.265525792435312,7
118,10,163,22.194642816863045,8
119,10,63,22.242712994055317,9
120,10,162,22.948784364961053,10
121,10,772,22.948784364961053,10
122,11,684,0.000000000000000,1
123,11,75,1.145489486368315,2
124,11,76,4.678754352703765,3
125,11,79,4.774201163724980,4
126,11,37,4.999094323706016,5
127,11,36,5.345685907716719,6
128,11,98,6.944476488727441,7
129,11,97,12.066695008186972,8
130,11,39,16.971143522930134,9
131,11,33,17.738352364966634,10
132,11,38,24.263373433776426,11
133,12,685,0.000000000000000,1
134,12,686,9.132691907740247,2
135,12,682,12.587779593105628,3
136,12,76,15.896850848400332,4
137,12,751,22.850666672195331,5
138,12,38,33.521849408262142,6
139,12,688,34.925214000911957,7
140,12,752,35.227262547627603,8
141,12,748,38.836861725964539,9
142,12,81,43.285016724536099,10
143,12,750,44.432841543494916,11
144,13,686,0.000000000000000,1
145,13,751,6.660040350602724,2
146,13,685,9.132775319974252,3
147,13,752,17.812716960513534,4
148,13,76,28.745301868824114,5
149,13,682,30.108186806928554,6
150,13,750,30.810205456150623,7
151,13,701,31.684539638335966,8
152,13,748,32.341124533498558,9
153,13,688,42.695306489739302,10
154,13,38,45.390104249245468,11
155,14,687,0.000000000000000,1
156,14,81,5.457204739038384,2
157,14,85,6.928325387279940,3
158,14,690,8.415707496142019,4
159,14,693,10.915084824696917,5
160,14,764,10.915084824696917,5
161,14,694,16.306795098233227,6
162,14,692,18.418873611410568,7
163,14,691,18.745865964529479,8
164,14,695,23.595740782915666,9
165,14,489,24.352884014459725,10
166,15,688,0.000000000000000,1
167,15,691,7.178445967672033,2
168,15,89,16.857210577229026,3
169,15,81,19.379837922784709,4
170,15,85,22.587936004459515,5
171,15,689,23.949844183402174,6
172,15,87,24.167059006888390,7
173,15,687,31.010207999262974,8
174,15,748,32.030533704980591,9
175,15,682,33.902963178818560,10
176,15,685,34.925245714572249,11
177,16,689,0.000000000000000,1
178,16,89,3.041362299447328,2
179,16,691,6.020238364898393,3
180,16,87,14.391062832044771,4
181,16,695,23.894716266218470,5
182,16,688,23.949807087486526,6
183,16,703,28.177879126123702,7
184,16,748,29.142908557827266,8
185,16,749,37.608896444250007,9
186,16,707,40.969815448920237,10
187,16,85,42.186707052253354,11
188,17,690,0.000000000000000,1
189,17,694,5.600743581018590,2
190,17,687,8.415711821616995,3
191,17,693,8.835867056278515,4
192,17,764,8.835867056278515,4
193,17,695,13.945748025327546,5
194,17,85,14.972280338659850,6
195,17,81,19.305372738696761,7
196,17,691,20.386632764324801,8
197,17,692,23.900807283837235,9
198,17,495,24.748770482488943,10
199,18,691,0.000000000000000,1
200,18,89,3.315648149817659,2
201,18,87,5.852706726395136,3
202,18,689,6.020298223390147,4
203,18,688,7.178452705672652,5
204,18,85,9.424903699165277,6
205,18,81,11.172294322447735,7
206,18,695,18.353270489859742,8
207,18,687,18.745814658440363,9
208,18,690,20.386635315656623,10
209,18,694,22.365432296090031,11
210,19,692,0.000000000000000,1
211,19,764,0.000000000000000,1
212,19,693,2.708078058809644,2
213,19,489,5.229013111579729,3
214,19,687,18.418915634132205,4
215,19,81,18.635957711340669,5
216,19,494,20.258428064345701,6
217,19,783,20.258428064345701,6
218,19,690,23.900851343951565,7
219,19,694,25.679310159320345,8
220,19,493,28.342806332798475,9
221,20,693,0.000000000000000,1
222,20,764,0.000000000000000,1
223,20,692,2.708043686027927,2
224,20,690,8.835946702337873,3
225,20,694,9.279616655231324,4
226,20,687,10.915082959790420,5
227,20,495,11.448318875559055,6
228,20,782,11.448318875559055,6
229,20,489,14.602479283659449,7
230,20,494,15.039249881011118,8
231,20,783,15.039249881011118,8
232,21,694,0.000000000000000,1
233,21,695,2.873101261580548,2
234,21,690,5.600748429561887,3
235,21,693,9.279670808839637,4
236,21,764,9.279670808839637,4
237,21,495,9.817665090919951,5
238,21,782,9.817665090919951,5
239,21,706,13.288494954279887,6
240,21,687,16.306806628033048,7
241,21,707,20.448599784650991,8
242,21,691,22.365487458803113,9
243,22,695,0.000000000000000,1
244,22,89,1.422310096347946,2
245,22,694,2.873066569292428,3
246,22,706,7.718826607056763,4
247,22,707,9.203584045082076,5
248,22,690,13.945713139674034,6
249,22,87,14.418981200606474,7
250,22,691,18.353186799527720,8
251,22,495,19.436861882994737,9
252,22,782,19.436861882994737,9
253,22,693,22.768156614210529,10
254,23,696,0.000000000000000,1
255,23,49,4.768562748117021,2
256,23,48,5.284362753815108,3
257,23,95,7.130480042096694,4
258,23,63,7.663576298234037,5
259,23,96,15.974834843185887,6
260,23,61,22.586092239334722,7
261,23,47,23.379670041520669,8
262,23,62,25.632700663105762,9
263,23,761,27.648765875367761,10
264,23,423,30.951279218300456,11
265,24,697,0.000000000000000,1
266,24,100,1.172288726427587,2
267,24,101,6.053684321459005,3
268,24,786,6.053684321459005,3
269,24,698,7.214546441102343,4
270,24,72,14.610385965676716,5
271,24,73,21.476334931187282,6
272,24,71,23.641174399750188,7
273,24,699,30.558539275468231,8
274,24,700,37.209777817514023,9
275,24,70,43.839507129479500,10
276,25,698,0.000000000000000,1
277,25,699,5.622018873120345,2
278,25,697,7.214586643590771,3
279,25,100,15.068720580637388,4
280,25,700,20.607865072883019,5
281,25,101,22.112568490833461,6
282,25,786,22.112568490833461,6
283,25,72,24.569299452617560,7
284,25,105,26.302805476670184,8
285,25,73,29.216342819953990,9
286,25,71,39.065102037588247,10
287,26,699,0.000000000000000,1
288,26,698,5.621987540893961,2
289,26,700,7.031642684477593,3
290,26,105,9.514713036154957,4
291,26,697,30.558515292020768,5
292,26,106,34.113408617137139,6
293,26,107,37.926240818399016,7
294,26,100,40.146758104911790,8
295,26,101,47.136522957435140,9
296,26,786,47.136522957435140,9
297,26,72,50.994745085746494,10
298,27,700,0.000000000000000,1
299,27,105,3.719187405210270,2
300,27,699,7.031617644558711,3
301,27,106,18.069558747172810,4
302,27,698,20.607849445506218,5
303,27,107,25.477346768082736,6
304,27,697,37.209824811160622,7
305,27,711,43.529148163370820,8
306,27,100,49.192486369067453,9
307,27,101,56.080508223133357,10
308,27,786,56.080508223133357,10
309,28,701,0.000000000000000,1
310,28,752,2.824709679001582,2
311,28,109,3.440813174871772,3
312,28,750,13.928913782408779,4
313,28,751,16.607334729320286,5
314,28,686,31.684603063151322,6
315,28,748,42.338960530868412,7
316,28,685,48.701119896815349,8
317,28,749,54.429350257296434,9
318,28,699,54.603082692892919,10
319,28,698,58.369225602052396,11
320,29,702,0.000000000000000,1
321,29,749,5.966142672303426,2
322,29,750,7.758532948119634,3
323,29,703,7.818602090755653,4
324,29,458,8.053399713403373,5
325,29,748,22.590686084597472,6
326,29,89,36.231450858167520,7
327,29,704,40.550699760060851,8
328,29,752,52.400160270598818,9
329,29,459,55.451869096965922,10
330,29,689,57.353512724983737,11
331,30,703,0.000000000000000,1
332,30,89,1.768471546936574,2
333,30,748,4.340245359363478,3
334,30,458,5.615098735593624,4
335,30,702,7.818632357351641,5
336,30,749,9.561426726041926,6
337,30,704,11.665258332344381,7
338,30,750,21.484547496070093,8
339,30,459,27.713365783247106,9
340,30,689,28.177898622803180,10
341,30,691,35.500128931703983,11
342,31,704,0.000000000000000,1
343,31,89,5.379972005059846,2
344,31,458,6.484474312486282,3
345,31,459,9.144010341138868,4
346,31,703,11.665232141167483,5
347,31,457,22.691977830618843,6
348,31,118,23.794951344646773,7
349,31,119,24.514228459569065,8
350,31,748,28.648883929533270,9
351,31,460,37.920945136758874,10
352,31,702,40.550732641685265,11
353,32,705,0.000000000000000,1
354,32,123,1.854325336523750,2
355,32,89,11.476090380821010,3
356,32,456,11.847779874627300,4
357,32,457,18.877481015318448,5
358,32,119,21.590160745312545,6
359,32,465,26.887565610867238,7
360,32,459,28.004319656701217,8
361,32,707,34.706104105329381,9
362,32,466,34.818717890617087,10
363,32,114,35.585548171547281,11
364,33,706,0.000000000000000,1
365,33,707,2.285219862530526,2
366,33,695,7.718862951895801,3
367,33,114,10.722385192115112,4
368,33,495,11.840069899273496,5
369,33,782,11.840069899273496,5
370,33,694,13.288500985999292,6
371,33,89,19.276634328215437,7
372,33,113,22.136605728569624,8
373,33,123,23.849186143307278,9
374,33,690,33.193537864373575,10
375,34,707,0.000000000000000,1
376,34,706,2.285135139344811,2
377,34,114,5.380883087307280,3
378,34,89,6.413620962476025,4
379,34,123,9.098273434449556,5
380,34,695,9.203662703706069,6
381,34,113,18.598902212075313,7
382,34,495,18.813169748841936,8
383,34,782,18.813169748841936,8
384,34,694,20.448576848248283,9
385,34,87,33.594096757735429,10
386,35,708,0.000000000000000,1
387,35,457,1.860308102071062,2
388,35,753,4.834442069112557,3
389,35,456,7.226101665170690,4
390,35,709,9.683013161939702,5
391,35,462,11.113098416002575,6
392,35,461,16.344811920127487,7
393,35,464,20.291572715226337,8
394,35,460,26.645179581427008,9
395,35,118,34.991094092589535,10
396,35,459,44.652551141923539,11
397,36,709,0.000000000000000,1
398,36,753,2.117546397358176,2
399,36,456,2.406263206045588,3
400,36,464,4.475140203632276,4
401,36,708,9.683057250768446,5
402,36,457,10.964138399605297,6
403,36,462,11.134345926584187,7
404,36,461,38.250420516722066,8
405,36,465,40.384589888427243,9
406,36,460,50.267247353254461,10
407,36,705,54.075286108187051,11
408,37,710,0.000000000000000,1
409,37,660,8.771420199541097,2
410,37,461,9.664368744730144,3
411,37,460,9.741981485244819,4
412,37,458,10.305872906220753,5
413,37,653,29.201684088128673,6
414,37,118,32.106360720754736,7
415,37,457,42.866004101793564,8
416,37,127,49.875007397128577,9
417,37,654,54.510496720794684,10
418,37,459,54.671492660824597,11
419,38,711,0.000000000000000,1
420,38,148,17.374813766007374,2
421,38,106,25.189103120608554,3
422,38,107,27.935223090405426,4
423,38,149,30.940926507028902,5
424,38,700,43.529177536859862,6
425,38,105,46.024957115026311,7
426,38,716,52.865271035864538,8
427,38,164,55.346160834362585,9
428,38,699,56.820184823987859,10
429,38,129,58.920322235266113,11
430,39,712,0.000000000000000,1
431,39,130,0.789331059808284,2
432,39,132,5.721217546502574,3
433,39,129,10.370631943852068,4
434,39,150,26.491775228101243,5
435,39,760,26.826985577018796,6
436,39,107,39.729892914307719,7
437,39,144,42.253629465186719,8
438,39,149,43.947920200457880,9
439,39,713,52.715109143727716,10
440,39,768,52.715109143727716,10
441,40,713,0.000000000000000,1
442,40,768,0.000000000000000,1
443,40,769,0.000000000000000,1
444,40,165,1.259577477503584,2
445,40,167,24.981293760875410,3
446,40,166,27.761091436707904,4
447,40,496,32.463116672322109,5
448,40,132,33.142727605130531,6
449,40,497,36.228352550149651,7
450,40,233,51.707716514572802,8
451,40,712,52.715107815546197,9
452,41,714,0.000000000000000,1
453,41,781,0.000000000000000,1
454,41,137,3.744059571745503,2
455,41,780,3.744059571745503,2
456,41,715,11.901515821821699,3
457,41,135,14.988096111984508,4
458,41,138,18.552092155031513,5
459,41,184,34.179773977877737,6
460,41,718,40.958378748280658,7
461,41,442,41.251614859402650,8
462,41,148,42.723767095699138,9
463,42,715,0.000000000000000,1
464,42,138,3.183626127195015,2
465,42,137,5.032372368016576,3
466,42,780,5.032372368016576,3
467,42,781,5.032372368016576,3
468,42,714,11.901551094689120,4
469,42,135,15.323107178953485,5
470,42,442,17.680986131430963,6
471,42,718,21.914330178567695,7
472,42,184,24.981870969726447,8
473,42,140,33.630111743042235,9
474,43,716,0.000000000000000,1
475,43,149,1.816949022764301,2
476,43,184,7.267330341760033,3
477,43,148,23.192841107863249,4
478,43,140,25.418697737960962,5
479,43,144,25.747724958946659,6
480,43,482,32.336470648395199,7
481,43,141,34.530099961500177,8
482,43,760,35.323522755304062,9
483,43,135,41.559474858056255,10
484,43,142,47.318525906579744,11
485,44,717,0.000000000000000,1
486,44,150,2.263535779499206,2
487,44,482,2.272651314920257,3
488,44,145,43.623724713779822,4
489,44,175,48.798067791016905,5
490,44,157,49.368989762149596,6
491,44,760,50.054194211812089,7
492,44,712,59.385221393138679,8
493,44,158,61.274629464857178,9
494,44,144,61.738306249454844,10
495,44,499,63.033915119837488,11
496,45,718,0.000000000000000,1
497,45,442,1.302092533805456,2
498,45,159,12.722777588295052,3
499,45,715,21.914355782462088,4
500,45,138,22.012464536728334,5
501,45,482,32.386021728166455,6
502,45,137,35.254263000471809,7
503,45,780,35.254263000471809,7
504,45,781,35.254263000471809,7
505,45,714,40.958403223826956,8
506,45,744,41.197519106677404,9
507,46,719,0.000000000000000,1
508,46,552,6.446925849364707,2
509,46,468,6.790788408713357,3
510,46,479,11.251625267611551,4
511,46,555,22.445557693398889,5
512,46,173,25.798133082864357,6
513,46,558,30.192906637511282,7
514,46,559,36.607922136403296,8
515,46,243,39.953366586202939,9
516,46,172,45.965839766845122,10
517,46,171,48.195208980599631,11
518,47,720,0.000000000000000,1
519,47,445,8.320915408794967,2
520,47,446,12.905170333825131,3
521,47,499,17.083001429890732,4
522,47,187,21.577204269787561,5
523,47,179,22.230732430099746,6
524,47,196,22.453850771055521,7
525,47,185,33.628483561780200,8
526,47,189,34.977612692169615,9
527,47,197,36.462174797926053,10
528,47,503,36.839150700871826,11
529,48,206,0.000000000000000,1
530,48,721,0.000000000000000,1
531,48,255,7.239720294565039,2
532,48,208,15.993771326162484,3
533,48,254,29.224181022391928,4
534,48,209,30.696070076875213,5
535,48,777,30.696070076875213,5
536,48,218,31.130664662448609,6
537,48,219,31.552202165475798,7
538,48,225,37.708238702699738,8
539,48,253,38.222902007370031,9
540,49,722,0.000000000000000,1
541,49,743,11.943958516260714,2
542,49,212,28.238396412738133,3
543,49,210,36.174029121227662,4
544,49,221,36.694693825222565,5
545,49,220,41.857590764574219,6
546,49,254,44.489148906223178,7
547,49,255,51.276761258219445,8
548,49,763,54.285272334643302,9
549,49,224,55.748427691585988,10
550,49,253,58.165942791725413,11
551,50,723,0.000000000000000,1
552,50,512,6.732042228289347,2
553,50,522,7.944564171203199,3
554,50,523,10.475861661334473,4
555,50,513,11.046418060783557,5
556,50,521,13.060037611258497,6
557,50,524,13.183388413786023,7
558,50,525,14.507908037999831,8
559,50,203,18.131023996275569,9
560,50,488,18.421030120436885,10
561,50,656,20.496552168869673,11
562,51,724,0.000000000000000,1
563,51,277,4.368008454154530,2
564,51,273,6.666457014545253,3
565,51,271,6.980069056942083,4
566,51,276,7.785904793597234,5
567,51,270,8.440413667075394,6
568,51,766,10.882008815597745,7
569,51,767,10.882008815597745,7
570,51,765,17.705692750052375,8
571,51,272,18.484365195450600,9
572,51,269,22.067035891233864,10
573,52,725,0.000000000000000,1
574,52,284,14.213516572603101,2
575,52,315,20.102305353485107,3
576,52,304,24.064908329716175,4
577,52,314,24.522763663833501,5
578,52,765,26.528279125516356,6
579,52,767,26.528279125516356,6
580,52,281,33.104573731584011,7
581,52,280,34.266639976354426,8
582,52,305,34.887527945536277,9
583,52,286,35.392027485050889,10
584,53,726,0.000000000000000,1
585,53,770,0.000000000000000,1
586,53,771,0.000000000000000,1
587,53,346,4.213885048678719,2
588,53,288,10.857149889792192,3
589,53,291,23.983621919504813,4
590,53,731,25.435720342574466,5
591,53,289,27.476956896778244,6
592,53,290,29.823213381252554,7
593,53,347,34.116170348103331,8
594,53,287,42.489410068821449,9
595,54,727,0.000000000000000,1
596,54,300,5.868549946042987,2
597,54,302,6.234287873217423,3
598,54,728,9.086951625619379,4
599,54,301,10.613939851209862,5
600,54,297,16.468766905592958,6
601,54,296,18.530455716411247,7
602,54,295,29.865768946334374,8
603,54,306,35.452384633157159,9
604,54,294,35.468870900361281,10
605,54,304,42.548057398727842,11
606,55,728,0.000000000000000,1
607,55,727,9.087021601381254,2
608,55,306,16.079554665045986,3
609,55,297,21.405765629493001,4
610,55,304,21.460000660516343,5
611,55,300,21.953261664855042,6
612,55,305,28.242410307846086,7
613,55,302,28.964941919507833,8
614,55,301,34.509552549925388,9
615,55,303,36.128452564302840,10
616,55,296,36.206907419853003,11
617,56,729,0.000000000000000,1
618,56,779,0.000000000000000,1
619,56,309,1.911697790506009,2
620,56,778,1.911697790506009,2
621,56,307,3.256691014311444,3
622,56,312,6.750880666485012,4
623,56,308,10.168716733720457,5
624,56,310,10.378454944382831,6
625,56,313,10.867063920236674,7
626,56,306,18.244787821489233,8
627,56,318,20.831854270112750,9
628,57,730,0.000000000000000,1
629,57,545,14.999592597668125,2
630,57,544,20.078069040826790,3
631,57,547,24.964970965363374,4
632,57,551,27.817286381141223,5
633,57,548,28.803958383533054,6
634,57,550,29.061247514869706,7
635,57,546,31.362844020726282,8
636,57,549,32.133092825253826,9
637,57,643,39.578802263446072,10
638,57,343,44.711455763790063,11
639,58,731,0.000000000000000,1
640,58,288,1.876428126821829,2
641,58,290,3.484146131119585,3
642,58,289,5.241310192609237,4
643,58,347,11.507845360319557,5
644,58,726,25.435759995065492,6
645,58,770,25.435759995065492,6
646,58,771,27.459248384938704,7
647,58,287,27.515671276940292,8
648,58,346,31.089414292566090,9
649,58,291,33.412129449657158,10
650,59,732,0.000000000000000,1
651,59,787,2.215459532707105,2
652,59,528,6.731648170987406,3
653,59,261,19.794950172425640,4
654,59,633,23.125642836529032,5
655,59,569,32.708694199601453,6
656,59,262,33.246568760020956,7
657,59,527,39.303970144493015,8
658,59,336,41.808453000531507,9
659,59,747,46.291907006182313,10
660,59,632,47.526272948302790,11
661,60,733,0.000000000000000,1
662,60,359,5.872199006480043,2
663,60,361,6.681369009932867,3
664,60,360,9.321956606154240,4
665,60,357,9.802377960867370,5
666,60,367,17.841213812213752,6
667,60,754,19.387706559833067,7
668,60,529,20.715524741499259,8
669,60,735,26.203531757889099,9
670,60,362,28.135183217205558,10
671,60,368,28.313067597870234,11
672,61,734,0.000000000000000,1
673,61,363,3.550633891083447,2
674,61,533,4.812114915510622,3
675,61,536,5.520027579888696,4
676,61,364,5.917887312056607,5
677,61,362,12.206848312734550,6
678,61,411,14.655197175825263,7
679,61,440,22.441073179422656,8
680,61,441,35.410859559635696,9
681,61,361,36.460745647971578,10
682,61,735,37.225839331382048,11
683,62,735,0.000000000000000,1
684,62,370,1.426394207653495,2
685,62,784,1.426394207653495,2
686,62,356,5.137331482921273,3
687,62,368,5.210096497623988,4
688,62,371,6.002121177418403,5
689,62,411,6.118730221068820,6
690,62,531,7.790528093891426,7
691,62,367,8.068449417722730,8
692,62,357,13.315020183831280,9
693,62,532,15.190343237911007,10
694,63,736,0.000000000000000,1
695,63,538,4.528154378278937,2
696,63,535,5.627173300352562,3
697,63,537,12.188946852213368,4
698,63,377,14.781183230519771,5
699,63,539,24.205390052665319,6
700,63,381,30.321535167881240,7
701,63,637,32.654375693492220,8
702,63,531,36.833449851189933,9
703,63,380,49.519908542089723,10
704,63,638,51.705568165542807,11
705,64,737,0.000000000000000,1
706,64,530,2.626807527778455,2
707,64,389,5.233460145406923,3
708,64,632,11.984766141678348,4
709,64,356,15.684380866466089,5
710,64,481,17.236733984567671,6
711,64,388,21.079931228472685,7
712,64,371,28.681949807588779,8
713,64,570,29.672235956620352,9
714,64,370,30.214798691875558,10
715,64,784,30.214798691875558,10
716,65,738,0.000000000000000,1
717,65,392,4.745141455050392,2
718,65,391,13.560563679672372,3
719,65,378,14.994887131528222,4
720,65,379,16.011446326245672,5
721,65,538,16.765834382951549,6
722,65,739,23.913502586187864,7
723,65,535,26.670577165664756,8
724,65,421,58.497520964783682,9
725,65,531,77.706006048182260,10
726,65,377,94.077114553880520,11
727,66,739,0.000000000000000,1
728,66,738,23.913464045528809,2
729,66,392,27.190793225578567,3
730,66,535,28.891622883018773,4
731,66,538,35.953124151466028,5
732,66,391,53.211940749665402,6
733,66,531,59.112173431627369,7
734,66,379,61.748289227868440,8
735,66,378,63.727485104430571,9
736,66,421,107.232532326236240,10
737,66,534,114.443819613246250,11
738,67,740,0.000000000000000,1
739,67,540,2.791283746725908,2
740,67,541,5.040217346664309,3
741,67,542,14.886428304218787,4
742,67,339,15.788618482962791,5
743,67,340,27.076076097910267,6
744,67,543,29.626525230013186,7
745,67,338,30.041264156162114,8
746,67,643,34.902778686701716,9
747,67,345,35.331368493317868,10
748,67,633,38.404139414826339,11
749,68,741,0.000000000000000,1
750,68,414,1.730312361462963,2
751,68,327,4.929192667601343,3
752,68,505,9.995892711008585,4
753,68,416,14.024619319323158,5
754,68,415,16.449113977673626,6
755,68,412,23.462734444500921,7
756,68,326,28.498022733921530,8
757,68,323,29.923168104346143,9
758,68,417,30.213286473411053,10
759,68,322,38.257727926266973,11
760,69,742,0.000000000000000,1
761,69,678,48.525290582239457,2
762,69,658,52.404816475959677,3
763,69,6,56.779113028982337,4
764,69,659,61.988539235475919,5
765,69,677,64.722940422923500,6
766,69,9,69.289328150724813,7
767,69,8,76.862260802617755,8
768,69,10,81.664736625487009,9
769,69,657,86.464103750766910,10
770,69,11,105.586539691105440,11
771,70,743,0.000000000000000,1
772,70,509,3.723434795560860,2
773,70,217,10.139310502954151,3
774,70,763,11.688442992708090,4
775,70,216,11.705544628637160,5
776,70,722,11.943932445510120,6
777,70,210,16.079680836374077,7
778,70,213,30.198867523968488,8
779,70,214,30.365171679481943,9
780,70,218,37.663297108071021,10
781,70,221,40.003813773228373,11
782,71,744,0.000000000000000,1
783,71,430,2.742459160733039,2
784,71,482,4.157161399884561,3
785,71,469,8.143153609517578,4
786,71,152,9.983015968680753,5
787,71,154,15.090613197304991,6
788,71,153,21.678973759088620,7
789,71,159,23.036922541265874,8
790,71,442,28.638508764259260,9
791,71,470,37.429809539006186,10
792,71,718,41.197499755821489,11
793,72,745,0.000000000000000,1
794,72,561,0.710453277344152,2
795,72,433,3.332053321409123,3
796,72,785,3.332053321409123,3
797,72,746,9.164862360783582,4
798,72,671,10.233695282445442,5
799,72,762,16.757207944859822,6
800,72,432,21.484643619367457,7
801,72,756,21.484643619367457,7
802,72,645,21.689209400369439,8
803,72,661,30.106324362822988,9
804,73,746,0.000000000000000,1
805,73,762,4.242921943197966,2
806,73,745,9.164859635122570,3
807,73,432,9.653963469985293,4
808,73,756,9.653963469985293,4
809,73,433,16.283985922521367,5
810,73,785,16.283985922521367,5
811,73,561,21.590284025742953,6
812,73,661,21.807687946832885,7
813,73,653,31.480753746758900,8
814,73,671,33.698398250146283,9
815,74,747,0.000000000000000,1
816,74,260,3.063753546314100,2
817,74,527,4.789154970138209,3
818,74,259,14.591317875278285,4
819,74,354,27.168147997739034,5
820,74,258,27.900419403642150,6
821,74,261,29.867326211548850,7
822,74,528,30.246557657028330,8
823,74,529,36.050122177865234,9
824,74,668,40.307369537892271,10
825,74,787,40.668498148332780,11
826,75,748,0.000000000000000,1
827,75,749,1.219012328463205,2
828,75,703,4.340271018343325,3
829,75,89,6.331233046927605,4
830,75,750,13.540070573169473,5
831,75,751,20.544478087855683,6
832,75,458,20.870428798103106,7
833,75,702,22.590726027127808,8
834,75,752,24.558085101008757,9
835,75,691,28.360568013379321,10
836,75,704,28.648940229047181,11
837,76,749,0.000000000000000,1
838,76,748,1.219033431551878,2
839,76,702,5.966071262603961,3
840,76,703,9.561395268776344,4
841,76,750,10.630863617453604,5
842,76,89,14.892549153912540,6
843,76,458,20.105239511761514,7
844,76,689,37.608953559721144,8
845,76,691,39.078324629922733,9
846,76,704,41.790368325922628,10
847,76,752,44.381665205912284,11
848,77,750,0.000000000000000,1
849,77,752,3.215342462573405,2
850,77,702,7.758590490621587,3
851,77,751,9.251381912694544,4
852,77,749,10.630818614383736,5
853,77,748,13.540075492120510,6
854,77,701,13.928837154706736,7
855,77,703,21.484571956635783,8
856,77,458,24.778464377943646,9
857,77,686,30.810195280704029,10
858,77,89,33.585418618621965,11
859,78,751,0.000000000000000,1
860,78,752,1.423075993671178,2
861,78,686,6.660019675363046,3
862,78,750,9.251347874782436,4
863,78,701,16.607259362650680,5
864,78,748,20.544470294721492,6
865,78,685,22.850714914803671,7
866,78,89,43.504793154993045,8
867,78,682,44.499154100310143,9
868,78,76,45.055802723825515,10
869,78,749,45.216786886188466,11
870,79,752,0.000000000000000,1
871,79,751,1.423124893971123,2
872,79,701,2.824682746066462,3
873,79,750,3.215337638178731,4
874,79,686,17.812735724458733,5
875,79,748,24.558158598845640,6
876,79,685,35.227289060685699,7
877,79,109,39.623016466233189,8
878,79,749,44.381648044549571,9
879,79,89,47.453028204706754,10
880,79,702,52.400071096751169,11
881,80,753,0.000000000000000,1
882,80,709,2.117515433426733,2
883,80,462,2.192118354593220,3
884,80,708,4.834431677479120,4
885,80,464,9.171307138034942,5
886,80,456,12.088352239153069,6
887,80,457,21.227549048308759,7
888,80,461,33.642050603214244,8
889,80,465,45.311100824121851,9
890,80,460,50.156805386680304,10
891,80,127,55.763827726536512,11
892,81,754,0.000000000000000,1
893,81,529,1.038948430011833,2
894,81,480,10.097555159903745,3
895,81,367,12.597246084834099,4
896,81,357,14.094047346124778,5
897,81,366,17.622179187398146,6
898,81,368,17.900376972532701,7
899,81,733,19.387768483267553,8
900,81,359,23.230414772570260,9
901,81,735,24.070878537939755,10
902,81,481,24.700838589009923,11
903,82,488,0.000000000000000,1
904,82,755,0.000000000000000,1
905,82,507,1.163718991846790,2
906,82,264,10.748942687506791,3
907,82,484,10.812692554334664,4
908,82,265,31.512322209242758,5
909,82,406,32.437988348544494,6
910,82,260,43.569883926832816,7
911,82,776,50.680507578386596,8
912,82,775,52.663997651212405,9
913,82,609,61.859349017363755,10
914,83,432,0.000000000000000,1
915,83,756,0.000000000000000,1
916,83,169,3.163555691826419,2
917,83,561,4.244152145915980,3
918,83,762,4.983752573044266,4
919,83,404,5.435363799952109,5
920,83,661,6.294372513217199,6
921,83,746,9.653896493747375,7
922,83,401,14.431992497473523,8
923,83,653,15.844760495887259,9
924,83,560,16.233371334236839,10
925,84,29,0.000000000000000,1
926,84,757,0.000000000000000,1
927,84,679,3.082419998873800,2
928,84,455,5.950781266848100,3
929,84,490,28.838982010841232,4
930,84,20,33.073251578261655,5
931,84,680,43.824854740743994,6
932,84,26,45.985897209747812,7
933,84,32,47.373311695151685,8
934,84,439,48.099718667062497,9
935,84,22,50.414851767652323,10
936,85,23,0.000000000000000,1
937,85,758,0.000000000000000,1
938,85,20,2.759007515211251,2
939,85,22,22.444165554369008,3
940,85,773,22.444165554369008,3
941,85,21,32.541295331363763,4
942,85,29,40.486209719474658,5
943,85,19,42.310278590500978,6
944,85,28,56.788822610380954,7
945,85,490,61.509964939267327,8
946,85,439,63.657839721274506,9
947,86,443,0.000000000000000,1
948,86,759,0.000000000000000,1
949,86,335,0.996487560810280,2
950,86,444,6.461651485485309,3
951,86,226,13.455132652659431,4
952,86,257,16.569287782046139,5
953,86,229,17.986063163275109,6
954,86,227,19.359243727882657,7
955,86,209,20.615251237190979,8
956,86,777,20.615251237190979,8
957,86,230,21.681126364292183,9
958,87,760,0.000000000000000,1
959,87,150,1.324668590061806,2
960,87,144,4.741003241326548,3
961,87,145,23.453843975698351,4
962,87,482,23.663864549201119,5
963,87,184,26.296285628827992,6
964,87,712,26.827015894109557,7
965,87,130,28.266231567946903,8
966,87,149,29.224469921446882,9
967,87,129,33.685305027102764,10
968,87,716,35.323537990662984,11
969,88,761,0.000000000000000,1
970,88,55,3.986211401908161,2
971,88,49,15.479688563398220,3
972,88,45,15.581818382938305,4
973,88,681,17.055639920374709,5
974,88,58,19.230222773103026,6
975,88,44,20.923352940277550,7
976,88,429,27.231896012807695,8
977,88,696,27.648798387792954,9
978,88,48,30.241557177431130,10
979,88,59,30.847607822597986,11
980,89,762,0.000000000000000,1
981,89,746,4.242950478013579,2
982,89,432,4.983691321489015,3
983,89,756,4.983691321489015,3
984,89,745,16.757220643079936,4
985,89,661,21.755203547014638,5
986,89,433,23.841080246273442,6
987,89,785,23.841080246273442,6
988,89,561,26.592856309803235,7
989,89,653,29.891874733585045,8
990,89,671,41.330957589776460,9
991,90,763,0.000000000000000,1
992,90,743,11.688414329388822,2
993,90,217,15.462799299177780,3
994,90,213,18.201420453549396,4
995,90,214,22.896222458886456,5
996,90,509,25.334793315035576,6
997,90,216,28.365713920515770,7
998,90,255,34.939120482446171,8
999,90,218,36.942657571532692,9
1000,90,212,45.399894606444576,10
1001,90,254,48.527564685963277,11
1002,91,692,0.000000000000000,1
1003,91,693,0.000000000000000,1
1004,91,764,0.000000000000000,1
1005,91,489,5.229013116356293,2
1006,91,690,8.835946701575987,3
1007,91,694,9.279616656329209,4
1008,91,687,10.915082958353079,5
1009,91,495,11.448318872898119,6
1010,91,782,11.448318872898119,6
1011,91,494,15.039249877834163,7
1012,91,783,15.039249877834163,7
1013,92,765,0.000000000000000,1
1014,92,767,0.000000000000000,1
1015,92,766,1.743175299519622,2
1016,92,277,9.159901410425428,3
1017,92,280,10.866162158958746,4
1018,92,284,13.068154318570693,5
1019,92,283,13.359754068972096,6
1020,92,724,17.705679771715367,7
1021,92,276,18.480538691999822,8
1022,92,282,22.521905982387068,9
1023,92,273,24.007273710983302,10
1024,93,766,0.000000000000000,1
1025,93,767,0.000000000000000,1
1026,93,765,1.743168171988422,2
1027,93,276,3.584675107150097,3
1028,93,277,4.402781464127710,4
1029,93,273,6.567707831839534,5
1030,93,275,8.701503143288342,6
1031,93,283,9.235246846995223,7
1032,93,724,10.882024738420560,8
1033,93,280,12.134163286492093,9
1034,93,282,14.939091747188932,10
1035,94,765,0.000000000000000,1
1036,94,766,0.000000000000000,1
1037,94,767,0.000000000000000,1
1038,94,276,3.584675107150097,2
1039,94,277,4.402781464127710,3
1040,94,273,6.567707831839534,4
1041,94,275,8.701503144155732,5
1042,94,283,9.235246846995223,6
1043,94,280,10.866162158958746,7
1044,94,724,10.882024738420560,8
1045,94,284,13.068154319577911,9
1046,95,713,0.000000000000000,1
1047,95,768,0.000000000000000,1
1048,95,769,1.301648937603886,2
1049,95,165,9.819488795356147,3
1050,95,167,26.157054914846942,4
1051,95,166,29.456354906852791,5
1052,95,132,33.142727605130531,6
1053,95,496,33.245193277056700,7
1054,95,497,36.527747684455761,8
1055,95,233,51.707716514572802,9
1056,95,712,52.715107815546197,10
1057,96,713,0.000000000000000,1
1058,96,769,0.000000000000000,1
1059,96,165,1.259577477503584,2
1060,96,768,1.301636165873903,3
1061,96,167,24.981293760875410,4
1062,96,166,27.761091436707904,5
1063,96,496,32.463116672322109,6
1064,96,497,36.228352550149651,7
1065,96,132,36.269019946531216,8
1066,96,712,56.794741898916598,9
1067,96,107,60.953239896559857,10
1068,97,726,0.000000000000000,1
1069,97,770,0.000000000000000,1
1070,97,771,2.121499839714691,2
1071,97,346,9.378304001863393,3
1072,97,288,10.857149888163764,4
1073,97,291,23.983621919504813,5
1074,97,731,25.435720342574466,6
1075,97,289,27.476956895148579,7
1076,97,290,32.711500404059585,8
1077,97,347,34.116170346689486,9
1078,97,287,45.763783221673904,10
1079,98,726,0.000000000000000,1
1080,98,771,0.000000000000000,1
1081,98,770,2.121498448990297,2
1082,98,346,4.213885048678719,3
1083,98,288,15.246655240114869,4
1084,98,731,27.459195977670955,5
1085,98,291,28.783833616839928,6
1086,98,290,29.823213381252554,7
1087,98,289,31.711552711433953,8
1088,98,347,39.442055600320465,9
1089,98,287,42.489410068821449,10
1090,99,162,0.000000000000000,1
1091,99,772,0.000000000000000,1
1092,99,423,1.005059271273139,2
1093,99,163,1.501234717106005,3
1094,99,96,22.278844164831888,4
1095,99,683,22.948847338448360,5
1096,99,69,23.463237684088753,6
1097,99,95,23.613401879243682,7
1098,99,70,32.954667533463635,8
1099,99,35,37.048655203329751,9
1100,99,65,38.232852434483092,10
1101,100,22,0.000000000000000,1
1102,100,773,0.000000000000000,1
1103,100,20,5.867216474772072,2
1104,100,23,15.964872708130997,3
1105,100,29,17.539826538405464,4
1106,100,758,22.444214731497823,5
1107,100,21,34.809912025425106,6
1108,100,28,39.189692856263100,7
1109,100,439,39.832811655377775,8
1110,100,490,41.641423871490403,9
1111,100,27,42.526448133862566,10
1112,101,12,0.000000000000000,1
1113,101,774,0.000000000000000,1
1114,101,13,6.395946486584188,2
1115,101,11,6.581580030253510,3
1116,101,10,8.860918321557504,4
1117,101,15,26.606618612945962,5
1118,101,8,34.030109035429682,6
1119,101,9,41.385431722045844,7
1120,101,657,43.704932357567500,8
1121,101,17,51.317372357818229,9
1122,101,678,51.796447367210483,10
1123,102,775,0.000000000000000,1
1124,102,555,4.406505293434491,2
1125,102,507,15.765000530894159,3
1126,102,265,17.917669860621398,4
1127,102,488,18.986145561554029,5
1128,102,663,19.673738219202342,6
1129,102,264,34.048022944372619,7
1130,102,609,34.579327069663108,8
1131,102,664,36.441399847041140,9
1132,102,258,40.787673542115208,10
1133,102,662,45.208238638341243,11
1134,103,776,0.000000000000000,1
1135,103,406,7.854547870112648,2
1136,103,407,20.207335275422210,3
1137,103,484,33.991745897976280,4
1138,103,647,36.637227982989707,5
1139,103,488,44.407531284917823,6
1140,103,755,50.680506084070949,7
1141,103,507,52.549614102907540,8
1142,103,260,73.034903576147343,9
1143,103,372,76.589578408897125,10
1144,103,265,85.081433485844144,11
1145,104,209,0.000000000000000,1
1146,104,777,0.000000000000000,1
1147,104,208,8.701621486352270,2
1148,104,225,16.569480760755958,3
1149,104,226,16.920178521345981,4
1150,104,256,17.976609485837724,5
1151,104,335,20.441124915773035,6
1152,104,443,20.615267302277491,7
1153,104,759,20.615267302277491,7
1154,104,257,24.142431012285630,8
1155,104,207,24.637688761223206,9
1156,105,309,0.000000000000000,1
1157,105,778,0.000000000000000,1
1158,105,779,0.000000000000000,1
1159,105,729,1.911704968876015,2
1160,105,310,7.385077635198135,3
1161,105,307,14.765069706185169,4
1162,105,313,22.643926822455164,5
1163,105,312,22.941070769182144,6
1164,105,308,24.223186202861392,7
1165,105,306,27.863321086928668,8
1166,105,303,30.702125029388011,9
1167,106,309,0.000000000000000,1
1168,106,729,0.000000000000000,1
1169,106,778,0.000000000000000,1
1170,106,779,0.000000000000000,1
1171,106,307,3.256691021427352,2
1172,106,312,6.750880669152114,3
1173,106,310,7.385077627493469,4
1174,106,308,10.168716735056922,5
1175,106,313,10.867063910617020,6
1176,106,306,18.244787828501739,7
1177,106,318,20.831854273637969,8
1178,107,137,0.000000000000000,1
1179,107,780,0.000000000000000,1
1180,107,781,0.000000000000000,1
1181,107,714,3.744048001663964,2
1182,107,715,5.032342092688484,3
1183,107,135,9.361599458480235,4
1184,107,138,18.027921098023342,5
1185,107,184,27.721634116603180,6
1186,107,718,35.254261002155530,7
1187,107,442,35.797582344777133,8
1188,107,140,44.819596301272227,9
1189,108,137,0.000000000000000,1
1190,108,714,0.000000000000000,1
1191,108,780,0.000000000000000,1
1192,108,781,0.000000000000000,1
1193,108,715,5.032342097311648,2
1194,108,135,9.361599458434769,3
1195,108,138,18.027921096895707,4
1196,108,184,27.721634114506639,5
1197,108,718,35.254261008217938,6
1198,108,442,35.797582349693940,7
1199,108,148,42.723767094402270,8
1200,109,495,0.000000000000000,1
1201,109,782,0.000000000000000,1
1202,109,494,9.711913125638723,2
1203,109,783,9.711913125638723,2
1204,109,694,9.817605414237047,3
1205,109,693,11.448269914281262,4
1206,109,764,11.448269914281262,4
1207,109,706,11.840099666368285,5
1208,109,113,13.616438341969870,6
1209,109,114,13.616826975595968,7
1210,109,707,18.813218842330304,8
1211,110,494,0.000000000000000,1
1212,110,783,0.000000000000000,1
1213,110,111,5.997338266822284,2
1214,110,489,7.706020165272154,3
1215,110,493,8.510766373784952,4
1216,110,495,9.711958551026640,5
1217,110,782,9.711958551026640,5
1218,110,110,11.536316134042213,6
1219,110,113,12.382113550782735,7
1220,110,693,15.039191845903650,8
1221,110,764,15.039191845903650,8
1222,111,370,0.000000000000000,1
1223,111,784,0.000000000000000,1
1224,111,735,1.426357183778302,2
1225,111,371,6.886643918730994,3
1226,111,356,13.520617045068912,4
1227,111,411,19.276539528603656,5
1228,111,481,27.576469649407642,6
1229,111,389,28.601667418477145,7
1230,111,737,30.214750392264563,8
1231,111,531,32.177668753139194,9
1232,111,368,32.595369384718197,10
1233,112,433,0.000000000000000,1
1234,112,785,0.000000000000000,1
1235,112,745,3.332070747038292,2
1236,112,561,5.208175409119649,3
1237,112,746,16.283967508830155,4
1238,112,671,19.764843482724249,5
1239,112,432,23.156036831399572,6
1240,112,756,23.156036831399572,6
1241,112,762,23.841028824207683,7
1242,112,661,29.406441125006651,8
1243,112,652,33.354259843743876,9
1244,113,101,0.000000000000000,1
1245,113,786,0.000000000000000,1
1246,113,100,2.472356658094026,2
1247,113,697,6.053678829831315,3
1248,113,72,7.767071322782352,4
1249,113,71,14.034249041712485,5
1250,113,73,14.667686376462020,6
1251,113,698,22.112561343327592,7
1252,113,70,35.472367972022120,8
1253,113,699,47.136528631890059,9
1254,113,69,49.256401697419463,10
1255,114,787,0.000000000000000,1
1256,114,732,2.215416711755873,2
1257,114,528,2.581507614164849,3
1258,114,261,19.671980675108372,4
1259,114,633,29.627542449753879,5
1260,114,527,33.803570885920550,6
1261,114,569,37.177432325183730,7
1262,114,262,38.282547163610417,8
1263,114,747,40.668549710327483,9
1264,114,259,45.459704226029217,10
1265,114,632,47.294163686448222,11