Rowid_,SUBCOL,ZONE_CODE,COUNT,AREA,MIN,MAX,RANGE,MEAN,STD,SUM
,wb,1,18,72.000000000000000,179.528366088867190,191.435638427734370,11.907272338867188,186.225565592447910,2.701229563903303,3352.060180664062500
,b26,2,318,1272.000000000000000,161.732101440429690,191.336898803710940,29.604797363281250,177.369496759378680,6.107559557775782,56403.499969482422000
,b25,3,4,16.000000000000000,228.611816406250000,232.230133056640620,3.618316650390625,230.941585540771480,1.413074826869400,923.766342163085940
,b24,4,51,204.000000000000000,187.777023315429690,242.312103271484370,54.535079956054688,209.478912951899500,9.811238760078147,10683.424560546875000
,b23,5,229,916.000000000000000,108.553749084472660,221.845886230468750,113.292137145996090,173.843306395684780,27.226854583349464,39810.117164611816000
,b12,6,38,152.000000000000000,151.718261718750000,223.233062744140620,71.514801025390625,210.047676487972860,16.302143394914943,7981.811706542968700
,n10,7,19,76.000000000000000,243.695922851562500,259.641174316406250,15.945251464843750,248.648100200452290,4.715448313692135,4724.313903808593700
,n28,8,5,20.000000000000000,231.847229003906250,260.090728759765620,28.243499755859375,239.446722412109380,10.849968288266453,1197.233612060546900
,c58,9,59,236.000000000000000,180.462951660156250,330.617645263671870,150.154693603515620,267.826470326569110,40.408734313208505,15801.761749267578000
,m27,10,11,44.000000000000000,229.611648559570310,249.608505249023440,19.996856689453125,237.755371093750000,6.476093458461618,2615.309082031250000
,c46,11,16,64.000000000000000,213.274887084960940,219.970031738281250,6.695144653320313,215.997532844543460,1.984705439702707,3455.960525512695300
,c6,12,22,88.000000000000000,234.889495849609370,254.470794677734370,19.581298828125000,242.747229142622500,5.359406385667449,5340.439041137695300
,m28,13,20,80.000000000000000,235.641235351562500,240.610656738281250,4.969421386718750,237.234361267089840,1.358175582511511,4744.687225341796900
,m29,14,12,48.000000000000000,228.412475585937500,237.314361572265620,8.901885986328125,233.322678883870450,2.516459226534385,2799.872146606445300
,m25,15,9,36.000000000000000,235.919876098632810,240.760559082031250,4.840682983398438,237.914978027343750,1.416640071624376,2141.234802246093700
,m23a,16,5,20.000000000000000,234.700653076171870,245.452880859375000,10.752227783203125,239.367800903320300,3.588616741866699,1196.839004516601600
,m11,17,1,4.000000000000000,206.491790771484370,206.491790771484370,0.000000000000000,206.491790771484370,0.000000000000000,206.491790771484370
,m22a,18,2,8.000000000000000,237.328186035156250,238.837463378906250,1.509277343750000,238.082824707031250,0.754638671875000,476.165649414062500
,m23,19,46,184.000000000000000,215.435470581054690,240.023147583007810,24.587677001953125,227.704289975373650,7.557320355542039,10474.397338867187000
,m24,20,4,16.000000000000000,249.619445800781250,256.862182617187500,7.242736816406250,252.962593078613280,2.580766344614362,1011.850372314453100
,m21,21,28,112.000000000000000,233.415756225585940,255.934219360351560,22.518463134765625,242.805434090750570,4.577250308514341,6798.552154541015600
,m16-22,22,27,108.000000000000000,218.993164062500000,241.435882568359370,22.442718505859375,228.609811288339130,6.408545990183891,6172.464904785156200
,m12,23,41,164.000000000000000,197.011749267578130,224.115356445312500,27.103607177734375,213.724210413490850,5.549570902121372,8762.692626953125000
,c51,24,18,72.000000000000000,235.798324584960940,251.783172607421880,15.984848022460937,242.887124803331180,6.216485318822923,4371.968246459960900
,c38,25,13,52.000000000000000,231.884323120117190,234.587448120117190,2.703125000000000,233.215639554537260,0.927217404400575,3031.803314208984400
,c24,26,28,112.000000000000000,217.168609619140630,244.674713134765620,27.506103515625000,228.831806727818080,5.322440485255079,6407.290588378906200
,c37,27,13,52.000000000000000,220.893508911132810,224.316085815429690,3.422576904296875,222.174655620868380,1.000951116486268,2888.270523071289100
,p55,28,8,32.000000000000000,218.447586059570310,220.299972534179690,1.852386474609375,219.142011642456050,0.615834372894655,1753.136093139648400
,m33-34-35,29,229,916.000000000000000,212.610351562500000,231.099761962890620,18.489410400390625,224.008023591020730,4.993759263831455,51297.837402343750000
,m6a,30,17,68.000000000000000,238.680923461914060,259.009033203125000,20.328109741210938,248.749320535098800,5.562549853000048,4228.738449096679700
,m5,31,38,152.000000000000000,222.719909667968750,262.256652832031250,39.536743164062500,249.021525332802210,11.115586108402171,9462.817962646484400
,m4,32,21,84.000000000000000,259.855895996093750,344.016326904296870,84.160430908203125,294.070250011625720,22.109587456745004,6175.475250244140600
,m1a,33,13,52.000000000000000,189.219009399414060,204.087554931640620,14.868545532226563,198.323873666616580,4.545816766347635,2578.210357666015600
,m14,34,6,24.000000000000000,216.271163940429690,219.435073852539060,3.163909912109375,218.091255187988280,1.033809299851306,1308.547531127929700
,m14a,35,25,100.000000000000000,200.630599975585940,215.241241455078120,14.610641479492188,207.947812500000000,4.051097938690556,5198.695312500000000
,m38,36,46,184.000000000000000,229.081604003906250,268.045471191406250,38.963867187500000,250.161145749299440,8.814761951882028,11507.412704467773000
,m36,37,13,52.000000000000000,211.596282958984370,229.118408203125000,17.522125244140625,220.066788893479550,4.536049598624458,2860.868255615234400
,mis,38,34,136.000000000000000,57.154445648193359,291.005096435546870,233.850650787353520,217.423595316269830,56.040121219546712,7392.402240753173800
,p63,39,29,116.000000000000000,204.976318359375000,232.400360107421870,27.424041748046875,222.610474685142780,5.666121858606097,6455.703765869140600
,p42,40,36,144.000000000000000,203.687072753906250,207.185928344726560,3.498855590820313,204.976932101779510,0.972563316300371,7379.169555664062500
,p44,41,53,212.000000000000000,202.763122558593750,211.956512451171870,9.193389892578125,207.054652088093320,2.705597947291988,10973.896560668945000
,p22,42,9,36.000000000000000,222.707992553710940,226.640258789062500,3.932266235351563,224.914220174153660,1.323886526541200,2024.227981567382800
,p24,43,38,152.000000000000000,225.622207641601560,234.561798095703120,8.939590454101563,230.735382080078130,2.732364824650933,8767.944519042968700
,p33,44,18,72.000000000000000,206.164154052734380,212.320938110351560,6.156784057617188,208.944411383734800,1.507321697820898,3760.999404907226600
,p39,45,12,48.000000000000000,202.590805053710940,208.109893798828120,5.519088745117188,205.426714579264310,1.759920617758471,2465.120574951171900
,p21,46,24,96.000000000000000,226.464904785156250,235.837539672851560,9.372634887695313,230.489494323730470,2.895016727441059,5531.747863769531200
,qr132,47,15,60.000000000000000,196.868255615234370,202.148056030273440,5.279800415039063,200.076951090494790,1.593469614892103,3001.154266357421900
,qr20,48,40,160.000000000000000,248.350479125976560,252.945510864257810,4.595031738281250,250.595943069458000,1.346608580121234,10023.837722778320000
,s39,49,10,40.000000000000000,278.881622314453120,305.326293945312500,26.444671630859375,289.100827026367200,9.691992282892775,2891.008270263671900
,s5,50,10,40.000000000000000,276.581390380859370,277.657226562500000,1.075836181640625,277.162158203124990,0.351361547944213,2771.621582031250000
,qr65,51,30,120.000000000000000,197.992050170898440,351.144592285156250,153.152542114257810,301.192720031738300,48.132765386504531,9035.781600952148400
,d22,52,10,40.000000000000000,214.872390747070310,224.262573242187500,9.390182495117188,218.920722961425780,3.202501144767851,2189.207229614257800
,d16,53,10,40.000000000000000,186.811019897460940,198.731353759765630,11.920333862304687,191.517292785644540,4.037445862802678,1915.172927856445300
,d9-11,54,3,12.000000000000000,147.515472412109370,159.237762451171870,11.722290039062500,154.966974894205720,5.287767740498691,464.900924682617190
,d35,55,9,36.000000000000000,204.877731323242190,220.609436035156250,15.731704711914063,209.903535630967890,5.269519581789356,1889.131820678710900
,d12,56,13,52.000000000000000,209.868637084960940,215.355255126953120,5.486618041992188,212.221373337965760,1.303793241467196,2758.877853393554700
,d47,57,16,64.000000000000000,218.468963623046870,223.596176147460940,5.127212524414063,221.502250671386720,1.606612174093623,3544.036010742187500
,hk1,58,40,160.000000000000000,228.548477172851560,242.049819946289060,13.501342773437500,237.743935012817390,2.812820795489103,9509.757400512695300
,d1,59,236,944.000000000000000,172.343688964843750,219.828521728515620,47.484832763671875,192.831515231374960,9.905732439838825,45508.237594604492000
,g23,60,4,16.000000000000000,136.090560913085940,153.632461547851560,17.541900634765625,142.135219573974610,6.784162578426099,568.540878295898440
,g43,61,10,40.000000000000000,210.963760375976560,218.425537109375000,7.461776733398438,214.644195556640620,2.444303748827191,2146.441955566406200
,f37,62,26,104.000000000000000,213.317047119140630,220.451171875000000,7.134124755859375,217.078315147986790,1.878964179078577,5644.036193847656200
,g35,63,71,284.000000000000000,209.016586303710940,242.561508178710940,33.544921875000000,227.582144723811610,7.821771764129536,16158.332275390625000
,f23,64,10,40.000000000000000,199.160171508789060,206.002731323242190,6.842559814453125,202.179866027832020,2.091362881775519,2021.798660278320300
,g32,65,10,40.000000000000000,233.857025146484370,236.992309570312500,3.135284423828125,235.393150329589840,1.030443788841647,2353.931503295898400
,f5,66,41,164.000000000000000,227.166976928710940,241.735992431640620,14.569015502929688,233.967402016244280,3.554516644712011,9592.663482666015600
,fbeach,67,136,544.000000000000000,9.121490478515625,337.047119140625000,327.925628662109370,178.288138578919810,58.103227018131221,24247.186846733093000
,g2,68,23,92.000000000000000,170.555557250976560,180.571792602539060,10.016235351562500,174.817533410113780,3.112266908997765,4020.803268432617200
,d70,69,5,20.000000000000000,201.911453247070310,207.235961914062500,5.324508666992188,203.882473754882820,1.986526265393506,1019.412368774414100
,b33,70,9,36.000000000000000,190.537048339843750,198.578079223632810,8.041030883789063,194.706476847330720,2.867783311015436,1752.358291625976600
,s2-4,71,130,520.000000000000000,259.279449462890620,290.676635742187500,31.397186279296875,276.922886305588920,8.078995450365639,35999.975219726563000
,p6,72,223,892.000000000000000,218.451339721679690,238.644638061523440,20.193298339843750,225.412900231878870,4.015470559578590,50267.076751708984000
,l17,73,45,180.000000000000000,167.948913574218750,197.235076904296870,29.286163330078125,182.897207980685780,6.970371169140879,8230.374359130859400
,l23_1,74,1,4.000000000000000,203.736038208007810,203.736038208007810,0.000000000000000,203.736038208007810,0.000000000000000,203.736038208007810
,t5,75,32,128.000000000000000,236.359725952148440,258.039520263671880,21.679794311523438,242.447348117828370,6.999065340650936,7758.315139770507800
,m7,76,56,224.000000000000000,209.251617431640620,235.834075927734370,26.582458496093750,221.969332286289760,8.348705515089593,12430.282608032227000
,m6,77,11,44.000000000000000,237.597000122070310,241.125625610351560,3.528625488281250,239.390142267400560,1.143761840068475,2633.291564941406200
,m31,78,106,424.000000000000000,190.183685302734370,343.869293212890620,153.685607910156250,232.781716544673120,20.496866873843782,24674.861953735352000
,m30,79,38,152.000000000000000,215.968933105468750,224.771911621093750,8.802978515625000,221.035888671875000,2.362957439964834,8399.363769531250000
,m32,80,59,236.000000000000000,213.704544067382810,227.818313598632810,14.113769531250000,221.516752857272910,4.169935430915348,13069.488418579102000
,m37,81,13,52.000000000000000,226.013732910156250,247.705551147460940,21.691818237304688,237.385273860051090,8.024058319868637,3086.008560180664100
,g54,82,6,24.000000000000000,214.051773071289060,219.293487548828120,5.241714477539063,217.455652872721340,1.976345837173115,1304.733917236328100
,t16,83,48,192.000000000000000,272.842712402343750,286.182525634765620,13.339813232421875,279.749734878540040,3.621093700979145,13427.987274169922000
,l13,84,119,476.000000000000000,160.722335815429690,215.459274291992190,54.736938476562500,181.925877290613500,12.091161346049097,21649.179397583008000
,n22,85,7,28.000000000000000,236.270965576171870,240.505783081054690,4.234817504882813,237.877251761300220,1.471732399275998,1665.140762329101600
,n12,86,15,60.000000000000000,209.329177856445310,212.086380004882810,2.757202148437500,211.111329142252600,0.822557212370331,3166.669937133789100
,s38,87,27,108.000000000000000,238.883682250976560,252.164993286132810,13.281311035156250,244.688463564272270,4.405668951467749,6606.588516235351600
,p40_1,88,19,76.000000000000000,202.720230102539060,207.636642456054690,4.916412353515625,206.065669812654190,1.325377562531269,3915.247726440429700
,c30-31,89,144,576.000000000000000,161.090728759765620,311.198211669921870,150.107482910156250,257.892861154344360,19.901952295274342,37136.572006225586000
,l23_2,90,1,4.000000000000000,205.779602050781250,205.779602050781250,0.000000000000000,205.779602050781250,0.000000000000000,205.779602050781250
,s3,91,1,4.000000000000000,283.679870605468750,283.679870605468750,0.000000000000000,283.679870605468750,0.000000000000000,283.679870605468750
,d24_2,92,5,20.000000000000000,190.785232543945310,199.747894287109370,8.962661743164063,194.289971923828120,3.296775876375801,971.449859619140620
,d24_1,93,25,100.000000000000000,199.450073242187500,230.964492797851560,31.514419555664063,216.222355346679680,10.098987305531978,5405.558883666992200
,c19-1,94,9,36.000000000000000,231.005966186523440,235.820159912109370,4.814193725585938,233.884379069010410,1.835954014977786,2104.959411621093700
,n11,95,8,32.000000000000000,204.840347290039060,214.154922485351560,9.314575195312500,211.515089035034180,2.706644402895062,1692.120712280273400
,b10,96,40,160.000000000000000,114.867431640625000,240.447341918945310,125.579910278320310,216.536125183105470,27.249855743801326,8661.445007324218700
,t7,97,64,256.000000000000000,252.613571166992190,274.032196044921880,21.418624877929688,265.933095216751100,5.891454873065101,17019.718093872070000
,t18,98,2,8.000000000000000,225.378601074218750,243.686798095703120,18.308197021484375,234.532699584960940,9.154098510742188,469.065399169921870
,s33,99,50,200.000000000000000,251.906097412109370,285.451141357421870,33.545043945312500,271.638712463378910,7.410512533022708,13581.935623168945000
,d48,100,6,24.000000000000000,202.043243408203120,221.499404907226560,19.456161499023438,212.981170654296870,7.363117352688668,1277.887023925781200
,p23,101,3,12.000000000000000,227.501022338867190,231.545852661132810,4.044830322265625,229.317087809244780,1.676882756508610,687.951263427734370