Rowid_,SUBCOL,ZONE_CODE,COUNT,AREA,MIN,MAX,RANGE,MEAN,STD,SUM,VARIETY,MAJORITY,MINORITY,MEDIAN
,wb,1,18,72.000000000000000,20,33,13,26.333333333333332,2.886751345948129,474.000000000000000,10,26,20,26
,b26,2,318,1272.000000000000000,13,46,33,27.704402515723270,6.296203767010477,8810.000000000000000,33,24,13,26
,b25,3,4,16.000000000000000,37,40,3,38.750000000000000,1.089724735885169,155.000000000000000,3,39,37,39
,b24,4,51,204.000000000000000,47,59,12,53.843137254901961,2.966297943728013,2746.000000000000000,13,55,48,54
,b23,5,229,916.000000000000000,19,81,62,46.139737991266372,13.669448991792311,10566.000000000000000,53,47,19,45
,b12,6,38,152.000000000000000,19,59,40,31.763157894736842,10.842009452821433,1207.000000000000000,21,25,20,28
,n10,7,19,76.000000000000000,0,0,0,0.000000000000000,0.000000000000000,0.000000000000000,1,0,0,0
,n28,8,5,20.000000000000000,0,26,26,6.200000000000000,10.087616170334792,31.000000000000000,3,0,5,0
,c58,9,59,236.000000000000000,0,93,93,21.525423728813561,20.996655046114814,1270.000000000000000,34,0,3,16
,m27,10,11,44.000000000000000,6,21,15,10.454545454545455,5.280558447802767,115.000000000000000,7,6,8,7
,c46,11,16,64.000000000000000,4,11,7,8.500000000000000,1.767766952966369,136.000000000000000,7,8,4,8
,c6,12,22,88.000000000000000,0,13,13,3.000000000000000,3.302891295379082,66.000000000000000,8,2,4,2
,m28,13,20,80.000000000000000,7,15,8,10.100000000000000,2.487971060924948,202.000000000000000,9,7,9,10
,m29,14,12,48.000000000000000,12,17,5,14.250000000000000,1.534329386626831,171.000000000000000,6,14,17,14
,m25,15,9,36.000000000000000,23,25,2,23.777777777777779,0.785674201318393,214.000000000000000,3,23,25,24
,m23a,16,5,20.000000000000000,26,38,12,32.000000000000000,4.000000000000000,160.000000000000000,5,26,26,32
,m11,17,1,4.000000000000000,35,35,0,35.000000000000000,0.000000000000000,35.000000000000000,1,35,35,35
,m22a,18,2,8.000000000000000,28,29,1,28.500000000000000,0.500000000000000,57.000000000000000,2,28,28,28
,m23,19,46,184.000000000000000,29,45,16,34.260869565217391,3.390746888407870,1576.000000000000000,15,32,29,34
,m24,20,4,16.000000000000000,22,28,6,25.250000000000000,2.384848003542364,101.000000000000000,4,22,22,24
,m21,21,28,112.000000000000000,23,35,12,29.714285714285715,2.561488725291591,832.000000000000000,9,30,26,30
,m16-22,22,27,108.000000000000000,32,37,5,35.000000000000000,1.440164599646191,945.000000000000000,6,36,32,35
,m12,23,41,164.000000000000000,35,47,12,40.487804878048777,3.178601864906358,1660.000000000000000,13,37,35,40
,c51,24,18,72.000000000000000,22,31,9,26.833333333333332,2.608745973749755,483.000000000000000,9,29,22,28
,c38,25,13,52.000000000000000,0,9,9,3.692307692307693,2.430087538297125,48.000000000000000,6,4,5,4
,c24,26,28,112.000000000000000,0,16,16,4.392857142857143,4.442805465937402,123.000000000000000,11,2,6,3
,c37,27,13,52.000000000000000,1,4,3,2.846153846153846,0.661717328234048,37.000000000000000,4,3,1,3
,p55,28,8,32.000000000000000,3,5,2,4.250000000000000,0.661437827766148,34.000000000000000,3,4,3,4
,m33-34-35,29,229,916.000000000000000,3,18,15,9.694323144104803,4.303244749205001,2220.000000000000000,16,5,3,9
,m6a,30,17,68.000000000000000,19,33,14,26.764705882352942,4.109235105075989,455.000000000000000,12,28,19,28
,m5,31,38,152.000000000000000,38,52,14,45.026315789473685,4.094198990518296,1711.000000000000000,12,43,38,43
,m4,32,21,84.000000000000000,55,94,39,62.047619047619051,10.638994718335942,1303.000000000000000,10,57,60,58
,m1a,33,13,52.000000000000000,10,30,20,17.461538461538460,5.917579866743664,227.000000000000000,10,13,10,15
,m14,34,6,24.000000000000000,27,29,2,28.333333333333332,0.745355992499998,170.000000000000000,3,29,27,28
,m14a,35,25,100.000000000000000,24,30,6,27.079999999999998,1.809309260463784,677.000000000000000,7,28,24,27
,m38,36,46,184.000000000000000,14,37,23,25.152173913043477,5.532384466285558,1157.000000000000000,20,26,18,26
,m36,37,13,52.000000000000000,3,17,14,9.923076923076923,4.214654625170069,129.000000000000000,10,7,3,9
,mis,38,34,136.000000000000000,29,101,72,42.823529411764703,18.779636324605150,1456.000000000000000,20,32,29,35
,p63,39,29,116.000000000000000,0,3,3,0.172413793103448,0.646953897906680,5.000000000000000,3,0,2,0
,p42,40,36,144.000000000000000,0,4,4,1.500000000000000,1.190238071423808,54.000000000000000,5,1,4,1
,p44,41,53,212.000000000000000,0,5,5,2.773584905660377,1.223072367595611,147.000000000000000,6,2,0,3
,p22,42,9,36.000000000000000,0,0,0,0.000000000000000,0.000000000000000,0.000000000000000,1,0,0,0
,p24,43,38,152.000000000000000,0,0,0,0.000000000000000,0.000000000000000,0.000000000000000,1,0,0,0
,p33,44,18,72.000000000000000,0,4,4,2.055555555555555,1.470911366097081,37.000000000000000,5,0,1,2
,p39,45,12,48.000000000000000,0,1,1,0.083333333333333,0.276385399196283,1.000000000000000,2,0,1,0
,p21,46,24,96.000000000000000,0,5,5,2.083333333333334,1.753963764987432,50.000000000000000,6,0,3,2
,qr132,47,15,60.000000000000000,16,20,4,17.199999999999999,1.222020185321572,258.000000000000000,5,16,19,17
,qr20,48,40,160.000000000000000,7,10,3,8.775000000000000,0.935080210463251,351.000000000000000,4,8,7,9
,s39,49,10,40.000000000000000,32,58,26,41.799999999999997,8.280096617793793,418.000000000000000,10,32,32,39
,s5,50,10,40.000000000000000,27,29,2,28.500000000000000,0.670820393249937,285.000000000000000,3,29,27,29
,qr65,51,30,120.000000000000000,0,123,123,66.500000000000000,40.787865842674343,1995.000000000000000,22,0,25,60
,d22,52,10,40.000000000000000,19,23,4,21.600000000000001,1.019803902718539,216.000000000000000,4,22,19,22
,d16,53,10,40.000000000000000,23,34,11,27.800000000000001,3.515679166249381,278.000000000000000,9,24,23,27
,d9-11,54,3,12.000000000000000,51,56,5,53.333333333333336,2.054804667656276,160.000000000000000,3,51,51,53
,d35,55,9,36.000000000000000,0,17,17,11.555555555555555,5.794846582402354,104.000000000000000,6,15,0,14
,d12,56,13,52.000000000000000,0,4,4,0.846153846153846,1.291758124903590,11.000000000000000,5,0,2,0
,d47,57,16,64.000000000000000,6,8,2,6.562500000000000,0.704339229349040,105.000000000000000,3,6,8,6
,hk1,58,40,160.000000000000000,0,0,0,0.000000000000000,0.000000000000000,0.000000000000000,1,0,0,0
,d1,59,236,944.000000000000000,17,43,26,29.779661016949152,5.616464285609865,7028.000000000000000,26,27,17,28
,g23,60,4,16.000000000000000,48,62,14,56.500000000000000,5.220153254455275,226.000000000000000,4,48,48,57
,g43,61,10,40.000000000000000,28,31,3,29.300000000000001,1.004987562112107,293.000000000000000,4,30,31,29
,f37,62,26,104.000000000000000,30,35,5,32.692307692307693,1.513255044069686,850.000000000000000,5,33,35,33
,g35,63,71,284.000000000000000,22,41,19,34.338028169014088,4.840974357668166,2438.000000000000000,18,38,22,35
,f23,64,10,40.000000000000000,34,36,2,34.700000000000003,0.781024967590572,347.000000000000000,3,34,36,34
,g32,65,10,40.000000000000000,29,33,4,31.399999999999999,1.280624847486556,314.000000000000000,5,31,29,31
,f5,66,41,164.000000000000000,0,18,18,6.146341463414634,4.447860409777509,252.000000000000000,16,5,2,5
,fbeach,67,136,544.000000000000000,0,119,119,50.147058823529413,21.951326307164187,6820.000000000000000,57,45,10,46
,g2,68,23,92.000000000000000,19,32,13,28.304347826086957,3.568397309336211,651.000000000000000,11,29,19,29
,d70,69,5,20.000000000000000,13,16,3,14.800000000000001,1.166190378969056,74.000000000000000,4,16,13,15
,b33,70,9,36.000000000000000,41,46,5,42.777777777777779,1.474055462380147,385.000000000000000,4,42,41,42
,s2-4,71,130,520.000000000000000,9,42,33,28.830769230769231,6.668108325383836,3748.000000000000000,30,33,9,30
,p6,72,223,892.000000000000000,0,27,27,11.170403587443946,7.567787724816250,2491.000000000000000,27,0,1,9
,l17,73,45,180.000000000000000,10,40,30,26.244444444444444,7.694602886455348,1181.000000000000000,25,29,10,28
,l23_1,74,1,4.000000000000000,0,0,0,0.000000000000000,0.000000000000000,0.000000000000000,1,0,0,0
,t5,75,32,128.000000000000000,21,27,6,23.375000000000000,1.430690392782450,748.000000000000000,7,22,21,23
,m7,76,56,224.000000000000000,24,41,17,33.553571428571431,4.212734278593982,1879.000000000000000,18,37,24,34
,m6,77,11,44.000000000000000,27,37,10,32.363636363636367,3.337738136488324,356.000000000000000,9,35,27,33
,m31,78,106,424.000000000000000,0,75,75,18.726415094339622,12.349878174380359,1985.000000000000000,31,0,4,20
,m30,79,38,152.000000000000000,8,18,10,12.710526315789474,2.864555579904169,483.000000000000000,11,11,16,12
,m32,80,59,236.000000000000000,6,20,14,11.406779661016950,4.302615066337896,673.000000000000000,15,7,13,10
,m37,81,13,52.000000000000000,0,2,2,0.153846153846154,0.532938710021193,2.000000000000000,2,0,2,0
,g54,82,6,24.000000000000000,33,36,3,34.333333333333336,1.374368541872535,206.000000000000000,3,33,35,33
,t16,83,48,192.000000000000000,22,34,12,28.229166666666668,2.302531065057647,1355.000000000000000,10,30,22,28
,l13,84,119,476.000000000000000,6,46,40,31.529411764705884,9.929011501749725,3752.000000000000000,36,37,7,35
,n22,85,7,28.000000000000000,0,0,0,0.000000000000000,0.000000000000000,0.000000000000000,1,0,0,0
,n12,86,15,60.000000000000000,7,9,2,7.800000000000000,0.541602560309063,117.000000000000000,3,8,9,8
,s38,87,27,108.000000000000000,36,44,8,39.000000000000000,1.905158688831361,1053.000000000000000,9,37,36,39
,p40_1,88,19,76.000000000000000,0,4,4,0.421052631578947,1.091391650175143,8.000000000000000,4,0,1,0
,c30-31,89,144,576.000000000000000,0,57,57,27.576388888888889,13.078597795375842,3971.000000000000000,45,17,5,26
,l23_2,90,1,4.000000000000000,2,2,0,2.000000000000000,0.000000000000000,2.000000000000000,1,2,2,2
,s3,91,1,4.000000000000000,32,32,0,32.000000000000000,0.000000000000000,32.000000000000000,1,32,32,32
,d24_2,92,5,20.000000000000000,29,29,0,29.000000000000000,0.000000000000000,145.000000000000000,1,29,29,29
,d24_1,93,25,100.000000000000000,25,32,7,29.199999999999999,1.876166303929372,730.000000000000000,7,30,25,30
,c19-1,94,9,36.000000000000000,3,16,13,7.444444444444445,3.744955454745048,67.000000000000000,8,7,3,7
,n11,95,8,32.000000000000000,0,6,6,2.000000000000000,2.061552812808830,16.000000000000000,6,0,1,1
,b10,96,40,160.000000000000000,31,69,38,42.000000000000000,7.556454194925025,1680.000000000000000,14,41,31,41
,t7,97,64,256.000000000000000,10,20,10,16.578125000000000,2.596901323572962,1061.000000000000000,11,19,10,17
,t18,98,2,8.000000000000000,36,36,0,36.000000000000000,0.000000000000000,72.000000000000000,1,36,36,36
,s33,99,50,200.000000000000000,32,48,16,41.399999999999999,3.979949748426480,2070.000000000000000,17,43,32,43
,d48,100,6,24.000000000000000,6,15,9,9.833333333333334,3.531603350069513,59.000000000000000,4,6,14,9
,p23,101,3,12.000000000000000,0,0,0,0.000000000000000,0.000000000000000,0.000000000000000,1,0,0,0