FID,subcol,notes,perim,area,pa_ratio,flood_risk
0,wb, ,81.7445984,87.9503021,0.9294420,13.8962002
1,b26,"merged, counted this partial",270.5939941,1324.6600342,0.2042740,3186.2700195
2,b25, ,26.0655994,22.1588001,1.1763099,2790.6101074
3,b24, ,85.9607010,216.1300049,0.3977260,22476.5000000
4,b23, ,244.2810059,938.5189819,0.2602830,3674.2700195
5,b12, ,84.6094971,161.8430023,0.5227890,418.5559998
6,n10, ,57.0497017,70.7431030,0.8064340,0.0000000
7,n28, ,38.4487000,25.2406006,1.5232900,0.0000000
8,c58, ,96.5752029,241.4779968,0.3999340,0.0000000
9,m27, ,32.0726013,47.5191002,0.6749410,10.5462999
10,c46, ,60.0834007,64.5150986,0.9313090,533.4879761
11,c6, ,87.3765030,85.0048981,1.0279000,0.0000000
12,m28, ,57.4328995,80.6858978,0.7118090,308.9159851
13,m29, ,49.9878998,55.2020988,0.9055440,1261.8699951
14,m25, ,27.7171993,36.0180016,0.7695380,0.0000000
15,m23a, ,31.3302002,32.3485985,0.9685160,0.0000000
16,m11, ,16.5737000,9.7281904,1.7036800,0.0000000
17,m22a, ,9.7237902,5.4099598,1.7973900,0.0000000
18,m23, ,106.6790009,193.5260010,0.5512370,451.9599915
19,m24, ,22.1793995,19.9820995,1.1099600,0.0000000
20,m21, ,66.8520966,122.0139999,0.5479060,0.0000000
21,m16-22, ,49.5682983,100.4550018,0.4934360,0.0000000
22,m12, ,120.9359970,181.8679962,0.6649690,468.6310120
23,c51, ,77.3182983,68.1303024,1.1348600,42.4831009
24,c38, ,47.6930008,54.0620995,0.8821890,1032.6300049
25,c24, ,70.1667023,117.4950027,0.5971880,886.5549927
26,c37, ,41.2778015,52.0318985,0.7933170,69.7982025
27,p55, ,40.3227005,32.9704018,1.2230000,55.7182999
28,m33-34-35, ,309.5260010,965.8859863,0.3204580,1442.8599854
29,m6a, ,46.0093002,67.1912003,0.6847510,0.0000000
30,m5, ,106.5500031,153.6419983,0.6934940,0.0000000
31,m4, ,49.6002998,78.4977036,0.6318700,0.0000000
32,m1a, ,61.3404007,49.1786003,1.2473000,0.0000000
33,m14, ,21.9650002,24.8206005,0.8849480,0.0000000
34,m14a, ,66.4116974,97.0130005,0.6845650,0.0000000
35,m38, ,87.4979019,205.0249939,0.4267680,0.0000000
36,m36, ,42.0918999,50.5134010,0.8332820,0.0000000
37,mis, ,67.7711029,143.1690063,0.4733660,8974.1699219
38,p63, ,62.3361015,106.8349991,0.5834820,263.7000122
39,p42, ,104.9380035,150.1519928,0.6988790,0.0000000
40,p44,merged version of p44,119.6940002,226.1629944,0.5292350,10589.0000000
41,p22, ,31.1135998,40.5481987,0.7673240,0.0000000
42,p24, ,92.8778000,149.5010071,0.6212500,98.0384979
43,p33, ,52.2156982,74.4999008,0.7008830,162.3549957
44,p39, ,41.3063011,53.3844986,0.7737510,0.0000000
45,p21, ,87.7604980,98.9235992,0.8871550,1.5306100
46,qr132, ,39.0139008,60.2571983,0.6474570,0.0000000
47,qr20, ,82.1378021,161.6069946,0.5082560,0.0000000
48,s39, ,29.8806992,45.6757011,0.6541920,0.0000000
49,s5, ,38.8278999,51.4757004,0.7542970,0.0000000
50,qr65, ,82.2023010,137.4530029,0.5980370,0.0000000
51,d22, ,44.1815987,33.1534996,1.3326401,0.0000000
52,d16, ,43.5969009,45.2103996,0.9643120,0.0000000
53,d9-11, ,23.9941006,8.5847101,2.7949800,0.0000000
54,d35, ,57.5199013,36.1982994,1.5890200,0.0000000
55,d12, ,40.1501007,48.3171005,0.8309690,0.0000000
56,d47, ,60.0595016,61.0457993,0.9838440,0.0000000
57,hk1, ,102.6409988,171.6560059,0.5979450,0.0000000
58,d1, ,308.7179871,971.1690063,0.3178830,525.4730225
59,g58, ,11.2159996,4.9848900,2.2500000,0.0000000
60,g23, ,21.3992996,12.5377998,1.7067800,191.2799988
61,g43, ,37.9169006,42.5167007,0.8918110,1276.6700439
62,f37, ,78.0318985,112.8970032,0.6911750,653.9559937
63,g35, ,252.5160065,312.4360046,0.8082170,4.1074100
64,f23, ,37.2798004,44.2521019,0.8424420,82.6400986
65,g32, ,33.4222984,40.4224014,0.8268260,0.0000000
66,f5, ,77.3960037,162.5659943,0.4760890,3127.8000488
67,fbeach, ,153.5789948,558.6970215,0.2748880,0.0770829
68,g2, ,61.5405998,96.1765976,0.6398710,0.0000000
69,d70, ,32.9864998,26.4487000,1.2471800,744.6979980
70,b33, ,36.2706985,42.6749992,0.8499300,347.5230103
71,s2-4, ,387.8120117,521.0910034,0.7442310,2522.5000000
72,p6, ,483.9960022,901.0419922,0.5371520,0.0000000
73,l17, ,78.6502991,178.8150024,0.4398410,106.6729965
74,l23_1, ,11.7477999,5.1995902,2.2593701,0.0000000
75,t5, ,87.1050034,133.5809937,0.6520740,0.0000000
76,m7, ,137.4450073,216.0570068,0.6361500,0.0000000
77,m6, ,48.8428993,51.9385986,0.9403970,0.0000000
78,m31, ,186.3249969,441.7789917,0.4217610,91.1269989
79,m30, ,65.9262009,145.0180054,0.4546080,4.7465401
80,m32, ,121.8669968,252.9179993,0.4818460,0.0000000
81,m37, ,65.9134979,47.3487015,1.3920900,77.9309998
82,g54, ,40.5247993,28.6266003,1.4156300,0.0000000
83,t16,"merged, counted this partial",155.1230011,193.2610016,0.8026630,2526.6101074
84,l13,"merged, counted this partial",352.2730103,473.1489868,0.7445280,0.0000000
85,n22,"merged, counted this partial",25.7742996,25.0207996,1.0301100,53.7285995
86,n12,"merged, counted this partial",46.4869003,65.4536972,0.7102260,1591.3800049
87,s38,"merged, counted this partial",78.8219986,113.8320007,0.6924440,0.0000000
88,p40_1,"p40 split, counted this part",56.6507988,70.1613998,0.8074350,6.3148799
89,c30-31,"merged since photo, counted together",270.5039978,616.6110229,0.4386950,0.0000000
90,l23_2, ,11.2151003,5.2275500,2.1453900,0.0000000
91,s3, ,5.5265999,1.7925900,3.0830300,0.0000000
92,m21-24, ,89.0314026,141.9960022,0.6270000,112803.0000000
93,d24_2, ,25.9493008,27.6791000,0.9375050,229.4149933
94,d24_1, ,65.6980972,108.8610001,0.6035060,0.0000000
95,d24, ,91.6474991,136.5399933,0.6712140,152.6439972
96,p44_1,p44 split in two,47.0688019,54.8367996,0.8583440,0.0000000
97,p44_2,p44 split in two,72.6247025,171.3269958,0.4238960,0.0000000
98,d9, ,10.3744001,4.7600098,2.1794801,79.1905975
99,d11, ,13.6197996,3.8247001,3.5610001,12639.2001953
100,c19-1, ,46.7360001,43.6436996,1.0708500,0.0000000
101,n11, ,37.3050995,35.2355003,1.0587400,0.0000000
102,b10, ,93.3350983,172.7610016,0.5402550,0.0000000
103,t7, ,111.8649979,250.1999969,0.4471010,0.0000000
104,t18, ,18.3288994,8.6219501,2.1258500,0.0000000
105,s33, ,116.5650024,202.6569977,0.5751830,0.0000000
106,d48, ,26.8833008,26.1676998,1.0273499,0.0000000
107,d47-48, ,86.9428024,87.2135010,0.9968960,0.0000000
108,p23, ,32.1341019,18.8120003,1.7081701,0.0000000
109,p22-23, ,63.2476997,59.3602982,1.0654900,0.0000000