OBJECTID,subcol,id2014,sqm2014,area,perim,pa_ratio,DrainID,BatchDone,Shape_Length,Shape_Area
2,b26-27-28,2,2160.436193220000000,2160.4399414,642.0789795,0.2971980,0,-1,642.078182281473350,2160.433015102141800
6, ,6,1.294034851900000,1.2940300,5.7983999,4.4808898,0,-1,5.798384823362841,1.294029673070723
8, ,8,3.549906285490000,3.5499101,9.5600901,2.6930499,0,-1,9.560006419453721,3.549795247588451
9, ,9,6.278238356540000,6.2782402,12.1464005,1.9346800,0,-1,12.146383309829824,6.278208483208180
10, ,10,372.421149748000000,372.4209900,193.8280029,0.5204540,0,-1,193.827510432693060,372.421510158180870
11, ,11,23.561105013399999,23.5611000,32.8474007,1.3941400,0,-1,32.847228701590325,23.561008366251404
12, ,12,172.761252189000000,172.7610016,93.3350983,0.5402560,0,-1,93.335196603202334,172.761434550558620
13, ,13,308.912804275999970,308.9129944,176.0670013,0.5699570,0,-1,176.067173190617350,308.912614905668420
14, ,14,76.390273784100003,76.3902969,47.2214012,0.6181600,0,-1,47.221756437561410,76.390095187687848
15, ,15,726.607694850000030,726.6079712,252.3470001,0.3472950,0,-1,252.347425036851210,726.607113650358430
16, ,16,496.169888389999980,496.1700134,224.1269989,0.4517140,0,-1,224.127195628583080,496.168747858127010
17, ,17,130.961565683999990,130.9620056,86.9393005,0.6638510,0,-1,86.939006183524910,130.961678530663110
18, ,18,87.295411500699998,87.2954025,47.1599007,0.5402330,0,-1,47.159794353968969,87.295338129905744
19, ,19,187.420457727000010,187.4199982,94.2779999,0.5030310,0,-1,94.277705579498218,187.420542176802680
20, ,20,2664.709063360000100,2664.7099609,1057.2099609,0.3967450,0,-1,1057.206396817767000,2664.709109228048900
21, ,21,6.446751250210000,6.4467502,17.7336998,2.7507999,0,-1,17.733872555765398,6.446642202225997
22, ,22,35.235509515399997,35.2355003,37.3050995,1.0587400,0,-1,37.305290998158789,35.235824391060241
23,n12-13,23,562.545996778000020,562.5460205,280.9760132,0.4994720,0,-1,280.976312984182130,562.545714141379340
26, ,26,14.467985920000000,14.4680004,23.9025002,1.6520900,0,-1,23.902369451686027,14.468014421190887
27, ,27,86.973213775000005,86.9731979,87.0136032,1.0004600,0,-1,87.013530400215529,86.973457100452748
28, ,28,36.229334314900001,36.2293015,53.9208984,1.4883200,0,-1,53.920488855952073,36.229379090256920
29,n14-15-16-18-22,29,1162.152835650000000,1162.1500244,620.7709961,0.5341570,0,-1,620.769940362388520,1162.152454495569100
30, ,30,33.747603327400000,33.7476006,37.3628998,1.1071301,0,-1,37.362820576383953,33.747737876784733
32, ,32,30.569617574599999,30.5695992,40.2145004,1.3155100,0,-1,40.214704232894547,30.569726815704517
33, ,33,139.345432348000000,139.3450012,91.7091980,0.6581450,0,-1,91.709112991161106,139.344480388467190
34, ,34,6.955211031570000,6.9552102,14.2809000,2.0532701,0,-1,14.280966322098530,6.955200862785272
35, ,35,252.449877687000000,252.4499969,114.6529999,0.4541610,0,-1,114.652902575050110,252.449392093560220
36, ,36,180.715883409000010,180.7160034,161.7700043,0.8951610,0,-1,161.769889489679400,180.716188010704090
37, ,37,6.329761762010000,6.3297601,13.8037996,2.1807799,0,-1,13.803786871416602,6.329687045589380
38, ,38,6.956331131640000,6.9563298,17.8313999,2.5633299,0,-1,17.831067504485173,6.956395362335587
39, ,39,17.111929356299999,17.1119003,20.7989006,1.2154599,0,-1,20.798836244957094,17.111837115704439
41, ,41,6.874628711120000,6.8746300,16.8787994,2.4552300,0,-1,16.878895900261600,6.874604480300972
42, ,42,101.286534864000000,101.2870026,67.3729019,0.6651680,0,-1,67.373038610566908,101.286309005103700
43, ,43,2.994181614520000,2.9941800,9.1426497,3.0534699,0,-1,9.142646735451198,2.994221150658402
44, ,44,18.543719904400000,18.5436993,19.6327000,1.0587300,0,-1,19.632856421240984,18.543702870200185
45, ,45,12.913896805000000,12.9139004,15.9066000,1.2317400,0,-1,15.906720209649205,12.914224238628798
46, ,46,5.328612803030000,5.3286099,12.2858000,2.3056300,0,-1,12.285585146444840,5.328583021153381
47, ,47,2.401868607290000,2.4018700,7.7403402,3.2226300,0,-1,7.740219393644019,2.401790703240561
48, ,48,51.136526982600003,51.1365013,46.0603981,0.9007340,0,-1,46.060464013432728,51.136348908304768
49, ,49,38.791464218800002,38.7915001,38.9637985,1.0044399,0,-1,38.963851143584336,38.791436768793993
50, ,50,183.938987943000000,183.9389954,110.8750000,0.6027810,0,-1,110.875085895119640,183.938991301763740
51, ,51,254.247325286000010,254.2469940,133.7640076,0.5261180,0,-1,133.763509682133560,254.246142264271980
52, ,53,18.069310334200001,18.0692997,32.3678017,1.7913100,0,-1,32.367732780293835,18.069110414031886
53, ,54,86.399934220999995,86.3999023,62.5343018,0.7237770,0,-1,62.534448358666936,86.399119137431285
55, ,56,1.329975781520000,1.3299800,5.9661398,4.4858899,0,-1,5.966223003020484,1.329982096773060
57, ,58,3.168059084590000,3.1680601,7.7680302,2.4519801,0,-1,7.768033005792937,3.168142327341800
58, ,59,17.889330692900000,17.8892994,23.6805992,1.3237300,0,-1,23.680743960000502,17.889377979541248
59, ,60,15.261819834800001,15.2617998,19.5967999,1.2840400,0,-1,19.596745919798025,15.261907133264817
60, ,61,2.055918097830000,2.0559199,6.4791799,3.1514699,0,-1,6.479111300681070,2.055996226257259
61, ,62,38.765534522199999,38.7654991,31.8992996,0.8228790,0,-1,31.899284295997106,38.765398499767691
62, ,63,40.440045052999999,40.4399986,41.3880005,1.0234400,0,-1,41.388379598340343,40.440242435320876
63, ,64,75.983807887200001,75.9838028,70.2688980,0.9247880,0,-1,70.268823113624379,75.983966243540493
64, ,65,12.440213038400000,12.4401999,15.1983004,1.2217100,0,-1,15.198149020268287,12.440183389891384
65, ,66,4.648324714040000,4.6483202,10.3111000,2.2182400,0,-1,10.311217978636787,4.648422383386233
66, ,67,6.430407135240000,6.4304099,14.3017998,2.2240901,0,-1,14.302055289229733,6.430466624339072
67, ,68,20.009645771700001,20.0095997,33.4665985,1.6725301,0,-1,33.466675356948521,20.009605803838596
69, ,70,56.141241350999998,56.1412010,54.1468010,0.9644750,0,-1,54.146973612993506,56.141750181988051
70, ,71,22.414381741700002,22.4144001,27.1112003,1.2095400,0,-1,27.111249191359040,22.414363484030957
71, ,72,65.485065999800000,65.4850998,59.3544006,0.9063800,0,-1,59.354415688246192,65.485082592892994
72, ,73,49.975122349499998,49.9751015,57.0080986,1.1407300,0,-1,57.008150139273816,49.974775520999323
73, ,74,80.661483408199999,80.6614990,77.1374969,0.9563110,0,-1,77.137739822014510,80.660849426223947
75, ,76,50.937644317000000,50.9375992,53.5635986,1.0515500,0,-1,53.563218998485084,50.937486645391722
76, ,77,219.486913501000000,219.4869995,172.7299957,0.7869710,0,-1,172.730069134660250,219.486624420580450
79, ,80,76.540951681600006,76.5410004,55.9188004,0.7305730,0,-1,55.918763088715821,76.541353731501104
81, ,82,578.455562183999970,578.4559937,204.9720001,0.3543430,0,-1,204.971720621325150,578.454036676011010
82, ,83,1.623491139440000,1.6234900,6.7117701,4.1341600,0,-1,6.711718498852087,1.623494181416385
85, ,86,1.265092132640000,1.2650900,5.9375401,4.6933699,0,-1,5.937564421951432,1.265009459729154
87, ,88,0.858256655895000,0.8582570,4.8575602,5.6598001,0,-1,4.857476251960138,0.858188833669549
89, ,90,926.887654132999960,926.8880005,448.3259888,0.4836890,0,-1,448.325499595101800,926.889439183035960
95, ,96,96.410013074099993,96.4100037,67.3725967,0.6988130,0,-1,67.372376575937480,96.410002476530053
96, ,97,97.507139465199998,97.5071030,105.5970001,1.0829700,0,-1,105.597096080882520,97.507239067554295
97, ,98,128.194476853999990,128.1940002,77.5683975,0.6050860,0,-1,77.568699917779284,128.194275203116550
98, ,99,14.318021468000000,14.3179998,19.1299000,1.3360699,0,-1,19.129706600216551,14.317976330563859
100, ,101,10.711042914000000,10.7110004,22.1826000,2.0710101,0,-1,22.182465184219190,10.711090032042160
101, ,102,8.191590639759999,8.1915903,16.2773991,1.9870900,0,-1,16.277115313311075,8.191520170091932
105, ,106,107.066983729000000,107.0670013,81.3615036,0.7599120,0,-1,81.361499330943062,107.067095443079450
106, ,107,32.096121540399999,32.0960999,32.3414993,1.0076500,0,-1,32.341346750538321,32.095890136132276
107, ,108,327.071461709000000,327.0710144,177.2680054,0.5419860,0,-1,177.268028857877140,327.071741327483040
109, ,110,29.746251232100001,29.7462997,28.4673996,0.9570060,0,-1,28.467155795492687,29.746390162155848
110, ,112,132.796314548000000,132.7960052,57.5652008,0.4334860,0,-1,57.565247042752027,132.796354611258920
111, ,113,697.045874927000000,697.0460205,182.0540009,0.2611790,0,-1,182.054343506046760,697.046602404035180
112, ,114,405.885484308999990,405.8850098,151.7740021,0.3739330,0,-1,151.774531403874450,405.885226310557580
113, ,115,284.333916026000000,284.3340149,151.5420074,0.5329720,0,-1,151.541282318393140,284.333818255313190
114, ,116,556.273657404999990,556.2739868,210.1260071,0.3777380,0,-1,210.125570589392960,556.273932160193680
118, ,120,76.600455569399998,76.6005020,59.8059998,0.7807520,0,-1,59.806277620749881,76.601200150189854
119, ,121,4.984328948690000,4.9843302,11.6452999,2.3363800,0,-1,11.645175673211224,4.984256994536278
123, ,125,472.695585875000010,472.6960144,153.7830048,0.3253320,0,-1,153.783479692860960,472.696244631651720
127, ,129,89.610464268100003,89.6104965,85.2880020,0.9517640,0,-1,85.288085845141865,89.610147034342546
129, ,131,1.543601872860000,1.5436000,5.1730700,3.3513000,0,-1,5.173074033839485,1.543616872093109
130, ,132,19.600943655599998,19.6009007,23.9321003,1.2209700,0,-1,23.932265934714163,19.600863708680592
132, ,134,104.808061321000000,104.8079987,57.9648018,0.5530570,0,-1,57.964661935964472,104.808623332345140
135, ,137,44.769459489200003,44.7695007,36.4374008,0.8138890,0,-1,36.437272903375501,44.769389818967376
137, ,139,18.812032644799999,18.8120003,32.1341019,1.7081701,0,-1,32.134357394170706,18.812021775091068
138, ,140,29.094493659499999,29.0944996,29.9797001,1.0304199,0,-1,29.979666187275129,29.094377303728194
140, ,142,18.370646060300000,18.3705997,27.5116005,1.4975899,0,-1,27.511694868869387,18.370498626343526
141, ,143,21.751584734100000,21.7516003,35.6823006,1.6404400,0,-1,35.682114277015309,21.751650405072944
142, ,144,31.286800965800001,31.2868004,34.7608986,1.1110400,0,-1,34.760987933265888,31.286810538798090
144, ,146,123.119869924000000,123.1200027,64.3171997,0.5223940,0,-1,64.317105930902130,123.119537238610620
145, ,147,26.226260991600000,26.2262993,29.5890007,1.1282200,0,-1,29.588918734263011,26.226181520194185
148, ,150,319.981428457999980,319.9809875,131.1089935,0.4097400,0,-1,131.109073132361660,319.980992768852900
149, ,151,300.331894337999980,300.3320007,138.1250000,0.4599080,0,-1,138.125129722502490,300.332015312060320
150, ,152,502.297954912000020,502.2980042,252.8860016,0.5034580,0,-1,252.885751901519230,502.299089628680520
151, ,153,105.187020411000010,105.1869965,61.3633995,0.5833740,0,-1,61.363270444061108,105.186466142893310
152, ,154,310.035902341999990,310.0360107,165.8569946,0.5349600,0,-1,165.856498692337740,310.035980094303230
153, ,155,100.022881471000010,100.0230026,57.0788994,0.5706580,0,-1,57.078838433031514,100.022667146197550
154, ,156,3.261095233910000,3.2611001,9.6932697,2.9723899,0,-1,9.693156421330315,3.261055201239246
155, ,157,12.855872483600001,12.8558998,24.8764992,1.9350300,0,-1,24.876492710638686,12.856011563213547
156, ,158,11.884600391699999,11.8845997,20.4162006,1.7178700,0,-1,20.415922076276892,11.884562369804865
157, ,159,17.754067778300001,17.7541008,24.3500004,1.3715100,0,-1,24.350041245204064,17.754018979652226
158, ,160,1.453645933500000,1.4536500,5.4345598,3.7385600,0,-1,5.434601479257809,1.453694140675273
159, ,161,17.445151389399999,17.4452000,24.6378994,1.4123000,0,-1,24.638100446950570,17.445245286213225
161, ,163,82.829298706399996,82.8292999,66.0213013,0.7970770,0,-1,66.021151540814941,82.828932483670272
162, ,164,43.643736470100002,43.6436996,46.7360001,1.0708500,0,-1,46.736215503918679,43.643841282991197
163, ,165,2.353331330050000,2.3533299,6.2108598,2.6391799,0,-1,6.210970284695137,2.353347310807943
164, ,166,10.901819510199999,10.9018002,16.8799000,1.5483600,0,-1,16.879910975037177,10.901791782090891
165, ,167,602.776126005000040,602.7760010,214.1699982,0.3553060,0,-1,214.170040191749560,602.775874100846750
166, ,168,7.499945001460000,7.4999499,13.3178997,1.7757300,0,-1,13.317984830244670,7.499963716045642
167, ,169,0.308020321545000,0.3080200,3.6046200,11.7025995,0,-1,3.604516880310110,0.307999693534762
168, ,170,133.169397128000010,133.1690063,111.4879990,0.8371920,0,-1,111.487513335086690,133.169424695823950
169, ,171,306.686097210000010,306.6860046,106.6230011,0.3476620,0,-1,106.622694947258960,306.686643734526400
170, ,172,110.636814068000010,110.6370010,92.6237030,0.8371860,0,-1,92.623328156743042,110.636647663928310
171, ,173,20.133678828299999,20.1336994,25.2329998,1.2532700,0,-1,25.233075688450214,20.133523101742629
172, ,174,10.097466422000000,10.0974998,18.1366005,1.7961500,0,-1,18.136497889732709,10.097330786256528
173, ,175,32.125176273400001,32.1251984,38.0653000,1.1849000,0,-1,38.065450597087889,32.125377249988816
175, ,177,168.864809041999990,168.8650055,96.1532974,0.5694090,0,-1,96.153953676928268,168.864710033217530
176, ,178,233.441327144000010,233.4409943,160.7299957,0.6885250,0,-1,160.730186320962930,233.441303525440670
177, ,179,3.522157579210000,3.5221601,9.7102900,2.7569101,0,-1,9.710236465250052,3.522193443634786
178, ,180,39.241341895500000,39.2412987,44.0004997,1.1212800,0,-1,44.000795290580243,39.241463300627231
179, ,181,42.957747189499997,42.9576988,41.3135986,0.9617270,0,-1,41.313535017007972,42.957625114385124
180, ,182,87.366197413300000,87.3662033,88.2136993,1.0096999,0,-1,88.213818778609564,87.366371337874313
181, ,184,338.347828913000000,338.3479919,200.3639984,0.5921830,0,-1,200.363683843398090,338.347334994584230
182, ,185,5.827632628520000,5.8276300,12.6451998,2.1698699,0,-1,12.645316728941845,5.827599781747248
183, ,186,119.428554256000000,119.4290009,69.9219971,0.5854690,0,-1,69.922135048458699,119.428828674284840
184, ,187,442.898892073000010,442.8989868,199.7969971,0.4511120,0,-1,199.796550643911160,442.898963203330370
185, ,190,170.872671536000010,170.8730011,75.6316986,0.4426190,0,-1,75.631500500641607,170.873247360569760
186, ,191,1.885810225840000,1.8858100,5.2666702,2.7927899,0,-1,5.266662937800240,1.885802679246768
187, ,192,11.667836941299999,11.6677999,18.2007999,1.5599200,0,-1,18.200788980863287,11.667927162135348
189, ,194,42.641805719300002,42.6417999,36.3713989,0.8529520,0,-1,36.371864874445230,42.642011063408773
190, ,195,3.110333277140000,3.1103301,9.5349703,3.0655799,0,-1,9.535146566512896,3.110374644417741
191, ,196,6.401922529030000,6.4019198,15.6612997,2.4463401,0,-1,15.661212978322080,6.401838264446702
192, ,197,11.012426802200000,11.0123997,21.4473991,1.9475700,0,-1,21.447459601810674,11.012694095774433
193, ,198,63.570691684300002,63.5707016,57.5024986,0.9045440,0,-1,57.502480549545609,63.570362756253047
194, ,199,71.990968380400005,71.9909973,66.7575989,0.9273050,0,-1,66.757951687409488,71.991230427027844
195, ,200,4.171155297580000,4.1711602,11.5419998,2.7671001,0,-1,11.541944426422290,4.171033126631352
196, ,201,5.235645555580000,5.2356501,10.6457996,2.0333300,0,-1,10.645730438458108,5.235833632353748
197, ,202,22.467786849700001,22.4678001,34.4737015,1.5343601,0,-1,34.473881441886761,22.467881152046541
198, ,203,44.109465439700003,44.1095009,66.1792984,1.5003400,0,-1,66.179029234415239,44.109337894075004
199, ,204,45.910486062799997,45.9104996,49.8149986,1.0850500,0,-1,49.814820609840723,45.910406516696895
200, ,205,39.412265205499999,39.4123001,37.5592995,0.9529840,0,-1,37.559248281928078,39.412270400079244
201, ,206,8.060682021720000,8.0606804,16.8178997,2.0864100,0,-1,16.817857688907424,8.060642918741438
202, ,207,35.091216013599997,35.0912018,36.3181992,1.0349700,0,-1,36.318453073516061,35.090997605700771
203, ,208,33.752027631600001,33.7519989,35.0643997,1.0388800,0,-1,35.064218331891006,33.751761206320900
204, ,209,25.139611214799999,25.1396008,28.4412994,1.1313300,0,-1,28.441420458848697,25.139667638223084
205, ,210,72.267869669099994,72.2678986,74.6355972,1.0327600,0,-1,74.635494081034139,72.268078017354199
206,s39,211,45.675718586099997,45.6757011,29.8806992,0.6541920,0,-1,29.880474571652027,45.676063644239029
207, ,212,33.294645457199998,33.2946014,31.2500000,0.9385910,0,-1,31.250036511557198,33.294539423057799
208, ,213,152.665725941000010,152.6660004,96.1919022,0.6300810,0,-1,96.191938261159279,152.665568815462510
209, ,214,202.656570174000000,202.6569977,116.5650024,0.5751840,0,-1,116.564826458381360,202.656622810428790
210, ,215,14.171735357799999,14.1716995,26.7682991,1.8888600,0,-1,26.768478816503645,14.171923383207661
212, ,217,91.530648987299998,91.5306015,45.0509987,0.4921960,0,-1,45.051016963229586,91.530299466878333
213, ,218,32.796072518400003,32.7961006,25.0552006,0.7639690,0,-1,25.055372734394101,32.795988364793573
214, ,219,5.841633529840000,5.8416300,13.4405003,2.3008101,0,-1,13.440623267340227,5.841737876960447
216, ,221,15.775233158500001,15.7751999,29.2996998,1.8573300,0,-1,29.299897585302705,15.775279596183644
217, ,222,151.041520689000010,151.0420074,98.1222992,0.6496360,0,-1,98.121653588551013,151.041562829582180
218, ,223,129.570848848999990,129.5709991,61.8022003,0.4769760,0,-1,61.802263096746884,129.570893273290240
219, ,224,85.495923704999996,85.4959030,57.8482018,0.6766200,0,-1,57.848266784244288,85.495850289687112
220, ,225,14.665262316300000,14.6653004,19.7332001,1.3455700,0,-1,19.733186299145309,14.665131403657913
221, ,226,18.787851183000001,18.7879009,31.1655006,1.6588100,0,-1,31.165497389430808,18.787977264559700
222, ,227,16.547990119700000,16.5480003,25.1072998,1.5172400,0,-1,25.107360546232840,16.547863785257810
223, ,228,26.983700886600001,26.9836998,39.6934013,1.4710100,0,-1,39.693257436309281,26.983855787685620
224, ,229,10.847682980200000,10.8477001,17.6527996,1.6273299,0,-1,17.652715704122944,10.847639598448835
225, ,230,43.333532011599999,43.3334999,44.5744019,1.0286400,0,-1,44.574359051906022,43.333492910391044
226, ,231,11.133534814100001,11.1335001,20.0820007,1.8037500,0,-1,20.082057017702823,11.133407019984430
227, ,232,10.913552267400000,10.9136000,17.9759007,1.6471100,0,-1,17.975993542116935,10.913516761500517
228, ,233,25.908205947199999,25.9081993,22.2637997,0.8593340,0,-1,22.263537546140636,25.908106192984448
229, ,234,37.647084711200002,37.6470985,38.6077995,1.0255200,0,-1,38.607869097302839,37.647193405531283
230, ,235,58.239951822000002,58.2400017,51.5340004,0.8848560,0,-1,51.534149168156958,58.240312311236472
232, ,238,1.534277259960000,1.5342799,6.2621298,4.0814800,0,-1,6.262122193556706,1.534271124877937
233, ,239,9.979518174820001,9.9795198,14.0447998,1.4073600,0,-1,14.044718748573489,9.979467516318461
234, ,240,254.725666300999990,254.7259979,193.9660034,0.7614690,0,-1,193.966035184540170,254.724515643270170
235, ,241,26.202202931599999,26.2021999,37.8386993,1.4441000,0,-1,37.838812344696024,26.202289502330199
236, ,242,7.844173406030000,7.8441701,12.8549995,1.6388000,0,-1,12.855154236404093,7.844399116100460
237, ,243,49.106841024600001,49.1068001,37.1043015,0.7555840,0,-1,37.104503465078601,49.106859382794710
238, ,244,95.654243133500003,95.6541977,100.3769989,1.0493701,0,-1,100.376892462818190,95.654137524475956
239, ,245,90.449287641900000,90.4493027,54.5574989,0.6031830,0,-1,54.557667718907929,90.449725981161734
240, ,246,102.063994462000000,102.0640030,81.9055023,0.8024920,0,-1,81.905439256893189,102.064217398353090
241, ,247,211.219205246999990,211.2189941,163.5919952,0.7745140,0,-1,163.591507552938650,211.219483386766740
242, ,249,4.877473911620000,4.8774700,12.0003996,2.4603701,0,-1,12.000388226893310,4.877507670276892
243, ,250,293.241849876000000,293.2420044,150.2669983,0.5124330,0,-1,150.267186604272640,293.241841115696270
244, ,251,228.614872560000010,228.6150055,91.7397003,0.4012850,0,-1,91.739752115599373,228.615194755777680
245, ,252,87.001070097699994,87.0010986,61.1558990,0.7029320,0,-1,61.155953913104440,87.000876190034191
246, ,253,325.792881122999970,325.7929993,137.1809998,0.4210680,0,-1,137.180507456136550,325.792611654547390
247, ,254,12.847247918200001,12.8472004,18.2236004,1.4184901,0,-1,18.223614271334448,12.847344258816435
248, ,255,37.678586798600001,37.6786003,35.7392998,0.9485300,0,-1,35.739245878435071,37.678584232260150
249, ,256,47.603813840500003,47.6038017,38.0098991,0.7984640,0,-1,38.010159024132363,47.603571225493489
250, ,257,42.868472830899996,42.8684998,40.2191010,0.9381970,0,-1,40.219139339364212,42.868465626741404
251, ,258,261.043007343000000,261.0429993,129.6589966,0.4966960,0,-1,129.658462636506100,261.043478519418220
252, ,259,107.000930848000000,107.0009995,80.4300995,0.7516760,0,-1,80.430417900769129,107.001098603455740
253, ,260,389.592316994999980,389.5920105,220.2409973,0.5653120,0,-1,220.240715706548120,389.592117805157560
254, ,261,69.332575944499993,69.3326035,52.2574997,0.7537220,0,-1,52.257476168666507,69.332390791752303
255, ,262,492.056934563000030,492.0570068,260.8290100,0.5300790,0,-1,260.829517377831280,492.057481308489060
256, ,263,6.719323459600000,6.7193198,10.5221996,1.5659600,0,-1,10.522196754953674,6.719263434439045
257, ,264,64.636721980600001,64.6367035,45.8555984,0.7094360,0,-1,45.855621463906154,64.636734938176886
258, ,265,116.526190670999990,116.5260010,66.2586975,0.5686170,0,-1,66.258781966977395,116.525953470456390
259, ,266,103.782241614000000,103.7819977,62.9931984,0.6069760,0,-1,62.993416292896676,103.782795216664700
260, ,267,708.340616959000040,708.3410034,251.0059967,0.3543580,0,-1,251.005748821070510,708.340921655323200
261, ,268,379.319335036999970,379.3190002,231.8650055,0.6112660,0,-1,231.865469597269250,379.319070072803130
262, ,269,25.988403259999998,25.9883995,29.3192997,1.1281700,0,-1,29.319400563853108,25.988310205284112
264, ,271,36.860456776400000,36.8605003,42.5084991,1.1532300,0,-1,42.508693736564226,36.860464917471717
265, ,272,381.202375345000010,381.2019958,225.3489990,0.5911540,0,-1,225.349302677383750,381.201856967397930
266, ,273,341.299685770000000,341.2999878,129.2700043,0.3787580,0,-1,129.269778237745020,341.299765752681880
267, ,274,38.409575020399998,38.4095993,39.8107986,1.0364799,0,-1,39.810633824532630,38.409991457715677
268, ,275,63.386383491099998,63.3863983,58.8858986,0.9289990,0,-1,58.885933232705213,63.386550636380015
269, ,276,0.885306434994000,0.8853060,3.8183899,4.3130698,0,-1,3.818518791216704,0.885369213222676
270, ,277,19.432498545300000,19.4325008,32.1427002,1.6540700,0,-1,32.142558193281360,19.432581157381154
271, ,278,4.355743486930000,4.3557401,10.8910999,2.5004001,0,-1,10.891154896003986,4.355742631838409
272, ,279,62.969855995400003,62.9698982,37.0722008,0.5887290,0,-1,37.072390142052726,62.969760659125200
273, ,280,35.886664517000000,35.8866997,43.9439011,1.2245200,0,-1,43.944037548073403,35.886405068860228
275, ,282,102.276918274000000,102.2770004,58.5317001,0.5722860,0,-1,58.531441376450928,102.276961590907040
276, ,283,1.774197090310000,1.7742000,5.7772999,3.2562799,0,-1,5.777354799478746,1.774183648249155
277, ,284,11.713873115400000,11.7138996,17.4598007,1.4905200,0,-1,17.459816539644358,11.713976196887184
280, ,287,1.010754712190000,1.0107501,4.5668402,4.5182700,0,-1,4.566715730187497,1.010716804013920
281, ,288,25.162110682600002,25.1620998,23.8484993,0.9477940,0,-1,23.848771903860801,25.162146080243996
282, ,289,241.507102656999990,241.5070038,140.0290070,0.5798130,0,-1,140.028822736090690,241.507057253785400
283, ,290,4.168355111570000,4.1683502,8.8778000,2.1298101,0,-1,8.877745428797534,4.168314620272652
284, ,291,11.152343648400000,11.1522999,18.5641994,1.6646100,0,-1,18.564196681660022,11.152166322344403
286, ,293,3.315530825640000,3.3155301,7.3045502,2.2031300,0,-1,7.304515101985794,3.315485815165641
287, ,294,21.065790359699999,21.0657997,28.2350006,1.3403200,0,-1,28.235020833582791,21.065695936771029
288, ,295,92.877229877399998,92.8771973,69.6802979,0.7502410,0,-1,69.680302333037503,92.877584203613907
289, ,296,24.833439018400000,24.8334007,29.0503006,1.1698101,0,-1,29.050390409953369,24.833363920755676
290, ,297,61.717473401100001,61.7174988,41.8105011,0.6774500,0,-1,41.810658290768636,61.717517056859720
291, ,298,3.642928430830000,3.6429300,7.4065199,2.0331199,0,-1,7.406453931476351,3.642836953409663
294, ,301,4.440393074760000,4.4403901,16.3843994,3.6898601,0,-1,16.384338179191548,4.440569327786782
295, ,302,6.061230758060000,6.0612302,12.1522999,2.0049200,0,-1,12.152501046697418,6.061302469610883
296, ,303,2.464162622790000,2.4641600,7.2203398,2.9301400,0,-1,7.220365293131197,2.464166892735840
297, ,304,16.313540675100000,16.3134995,24.4480000,1.4986399,0,-1,24.448064939687704,16.313308745883628
300, ,307,12.152354044799999,12.1524000,15.3570004,1.2637000,0,-1,15.357033897517903,12.152383052762977
301, ,308,8.402738599759999,8.4027395,12.9475002,1.5408700,0,0,12.947605246344608,8.402895480322897
302, ,309,2.134412879850000,2.1344099,5.8028598,2.7187200,0,0,5.802800593955249,2.134384223614329
303, ,310,15.317450007000000,15.3174000,16.1529007,1.0545501,0,0,16.153073415558243,15.317535192589000
304, ,311,13.252224647900000,13.2522001,20.9020996,1.5772600,0,0,20.902039406300393,13.252131721865874
305, ,312,2.762606319710000,2.7626100,7.2452698,2.6226201,0,0,7.245367008252330,2.762552421797240
306, ,313,62.511311723900000,62.5112991,69.7286987,1.1154600,0,0,69.728900412178106,62.510816994538615
307, ,314,20.952382869299999,20.9524002,22.1028996,1.0549099,0,0,22.102908289607488,20.952463527958496
308, ,315,35.686255308200003,35.6862984,40.9070015,1.1462899,0,0,40.906964161287888,35.686118704439195
309, ,316,26.167727043799999,26.1676998,26.8833008,1.0273499,0,0,26.883453257449716,26.167621071515388
310, ,317,26.146375655600000,26.1464005,25.2726994,0.9665840,0,0,25.272751999266166,26.146189259722057
312, ,319,0.753697747868000,0.7536980,3.9900899,5.2940202,0,0,3.990004078978826,0.753663511332085
313, ,320,25.637192835800001,25.6371994,29.2497997,1.1409100,0,0,29.249664517257745,25.637249082263345
314, ,321,8.829654747459999,8.8296499,15.6859999,1.7765100,0,0,15.686145620671178,8.829673409304675
315, ,322,10.669824203899999,10.6697998,17.8278008,1.6708699,0,0,17.827724598730576,10.669658058737785
316, ,323,4.392553590810000,4.3925500,11.6548004,2.6533101,0,0,11.654592567768876,4.392512026878499
317, ,324,8.848808004070000,8.8488102,17.9116001,2.0241799,0,0,17.911388228440043,8.848804384968167
318, ,325,12.914340335000000,12.9143000,21.1940994,1.6411300,0,0,21.193948886665474,12.914415697749874
319, ,326,71.052239438100003,71.0522003,49.2500000,0.6931520,0,0,49.249944776114994,71.052359820686448
320, ,327,2.687603945540000,2.6875999,6.8003101,2.5302501,0,0,6.800369845238595,2.687543801890229
321, ,328,108.347900933999990,108.3479996,63.5583000,0.5866130,0,0,63.558420339918150,108.347944045040580
322, ,329,36.512904558899997,36.5129013,27.0251007,0.7401520,0,0,27.025015535944945,36.512553065715373
323, ,330,10.875003855999999,10.8750000,17.8258991,1.6391600,0,0,17.825792879830434,10.875119777898689
324, ,331,9.216248279449999,9.2162504,13.3599005,1.4496000,0,0,13.360012525659570,9.216332044921286
325, ,332,91.243126070000002,91.2431030,61.9053993,0.6784670,0,0,61.905848157995329,91.242605479004126
326, ,333,26.066080329700000,26.0660992,30.6865997,1.1772600,0,0,30.686602373671764,26.066166612593115
327, ,334,233.797006614000000,233.7969971,125.6259995,0.5373290,0,0,125.625543989216790,233.797528712860040
328, ,335,124.932821574000000,124.9329987,72.8048019,0.5827510,0,0,72.805070594669786,124.932495210524220
329, ,336,3.457220182330000,3.4572201,8.4150000,2.4340401,0,0,8.415120064379311,3.457310781152319
330, ,337,16.130001807700001,16.1299992,26.9060993,1.6680800,0,0,26.906053856059728,16.129917410920246
331, ,338,30.918296612500001,30.9183006,30.7868004,0.9957470,0,0,30.786617076042042,30.918309090519987
332, ,339,9.698090086950000,9.6980896,23.4689007,2.4199500,0,0,23.468535197900920,9.698158651223885
333, ,340,16.810209475499999,16.8101997,20.4235001,1.2149500,0,0,20.423465807101408,16.810087544847839
334, ,341,2.646174657420000,2.6461699,10.1013002,3.8173299,0,0,10.101285786806145,2.646107178433252
335, ,342,29.120913979600001,29.1208992,30.6404991,1.0521801,0,0,30.640399221152158,29.120878612962720
336, ,343,640.277994318999960,640.2780151,222.9519958,0.3482110,0,0,222.952094806727980,640.277620751035440
337, ,344,40.701452347699998,40.7014999,53.5161018,1.3148400,0,0,53.516304399511561,40.700806640345853
338, ,345,64.516974911399998,64.5169983,48.4542999,0.7510320,0,0,48.454465925359628,64.517030700939188
339, ,346,18.200501238400001,18.2005005,27.4050999,1.5057300,0,0,27.404802137772688,18.200531168480623
340, ,347,8.338950372459999,8.3389502,15.9287996,1.9101700,0,0,15.928722038579787,8.338663444015904
341, ,348,64.398818331300006,64.3988037,52.5936012,0.8166860,0,0,52.593767836784416,64.398808362911211
342, ,349,141.675140548000000,141.6750031,82.6596985,0.5834460,0,0,82.660178560160247,141.675109768595350
343, ,350,288.182992938999970,288.1830139,103.9219971,0.3606110,0,0,103.921865091592990,288.183326830517270
345, ,352,9.577080090210000,9.5770798,16.0011997,1.6707799,0,0,16.001300625103134,9.576966993533457
346, ,353,0.913560292520000,0.9135600,4.6725998,5.1147199,0,0,4.672643151224388,0.913552671273174
347, ,354,212.102104305000010,212.1020050,147.2940063,0.6944490,0,0,147.293634999132190,212.101837975338010
349, ,356,21.140667271100000,21.1406994,18.5557003,0.8777240,0,0,18.555751416716078,21.140611292112339
350, ,357,17.846809877700000,17.8467999,24.5596008,1.3761300,0,0,24.559579653842608,17.846855975172112
351, ,358,98.063872262600000,98.0639038,89.4580994,0.9122430,0,0,89.458413159725040,98.064169179057984
352, ,359,79.760352191699994,79.7603989,60.1488991,0.7541200,0,0,60.149204440149710,79.760351509939923
354, ,362,29.316254865900000,29.3162994,42.3095016,1.4432100,0,0,42.309360289095814,29.315893657682530
355, ,363,62.416455466899997,62.4165001,39.6534004,0.6353030,0,0,39.653170489259892,62.416234385052121
356, ,364,178.593687173000010,178.5939941,107.8769989,0.6040350,0,0,107.877391325414820,178.593754644743970
357, ,365,4.620472957380000,4.6204700,10.0369997,2.1722901,0,0,10.036856367678045,4.620487814839876
359, ,367,38.709754832400002,38.7098007,34.8875999,0.9012600,0,0,34.887972106545284,38.709955620151540
360, ,368,2.146814324510000,2.1468101,6.8177600,3.1757600,0,0,6.817733654378154,2.146812800256127
361, ,369,29.114896959300001,29.1149006,22.6266994,0.7771520,0,0,22.626656574515170,29.115040408445150
362, ,370,36.001640108700002,36.0015984,35.3408012,0.9816450,0,0,35.340997142328504,36.001764552895203
363, ,371,3.832839207730000,3.8328400,10.4434996,2.7247400,0,0,10.443603159697268,3.832786056736323
364, ,372,3.327318488680000,3.3273201,8.7856598,2.6404600,0,0,8.785670196951081,3.327245894825058
366, ,374,60.988445260299997,60.9883995,73.3468018,1.2026401,0,0,73.346908010488292,60.988320855164574
367, ,375,17.209935857000001,17.2098999,21.0007000,1.2202700,0,0,21.000770529427253,17.209852890694904
368, ,376,4.245080167350000,4.2450800,8.1286898,1.9148500,0,0,8.128760374642399,4.245179177484283
370, ,378,11.594557247599999,11.5945997,20.2334995,1.7450800,0,0,20.233431285144260,11.594706997907835
371, ,379,74.572505781700002,74.5725021,66.7823029,0.8955350,0,0,66.782659230710877,74.572475595417259
372, ,380,15.705551113000000,15.7055998,30.4030991,1.9358100,0,0,30.403120904662956,15.705483515249739
373, ,381,0.450807348309000,0.4508070,5.1519198,11.4281998,0,0,5.151914248648266,0.450805546531712
374, ,382,58.832519120100002,58.8325005,41.1092987,0.6987520,0,0,41.109176759731952,58.832741252116264
375, ,383,80.059635922900000,80.0596008,45.0876007,0.5631750,0,0,45.087590214159036,80.059447460825140
377, ,385,1.628307472720000,1.6283100,5.5959601,3.4366701,0,0,5.595927051935222,1.628243632474746
378, ,386,7.026967460890000,7.0269699,12.1634998,1.7309700,0,0,12.163560012164172,7.027042362615118
379, ,387,30.332112606300001,30.3320999,38.5825005,1.2720000,0,0,38.582393118626790,30.331889256889006
380, ,388,5.359580618750000,5.3595800,16.0818996,3.0005901,0,0,16.082094319114741,5.359533783491975
381, ,389,0.649750400825000,0.6497500,3.6906600,5.6801200,0,0,3.690687365051656,0.649736514180802
382, ,390,21.210699916100001,21.2106991,25.5459003,1.2043900,0,0,25.545797310592558,21.210725309384191
383, ,391,5.925191066750000,5.9251900,10.4245005,1.7593499,0,0,10.424582997130361,5.925160304388873
384, ,392,0.336372196488000,0.3363720,2.7495000,8.1739902,0,0,2.749454866458833,0.336364018438037
385, ,393,87.556682745299995,87.5567017,61.1067009,0.6979100,0,0,61.106502117755049,87.556710514654910
386, ,394,1.186998333990000,1.1870000,5.3622699,4.5174999,0,0,5.362255742149752,1.187006292265112
387, ,395,26.644710524899999,26.6446991,25.8379993,0.9697240,0,0,25.837664669870353,26.644484908275896
388, ,396,19.411931172599999,19.4118996,30.1711006,1.5542600,0,0,30.171278848071076,19.411947237292047
389, ,397,28.583236483200000,28.5832005,38.8721008,1.3599600,0,0,38.871813023319724,28.583219813819156
391, ,399,47.663345801100000,47.6632996,37.3340988,0.7832880,0,0,37.334009404319637,47.663420594755600
392, ,400,123.769400752000000,123.7689972,89.5705032,0.7236910,0,0,89.570196695469079,123.769604203959230
396, ,404,83.021321385999997,83.0213013,75.4188004,0.9084270,0,0,75.418929439583010,83.021268927117873
397, ,405,41.872254457899999,41.8722992,50.7849007,1.2128500,0,0,50.784689344239531,41.872010139968090
398, ,406,71.366630185700004,71.3666000,68.0426025,0.9534240,0,0,68.042266045231486,71.366582493440276
399, ,407,430.500843040000010,430.5010071,142.5149994,0.3310450,0,0,142.515308901635110,430.501204387058980
400, ,408,110.144709496000000,110.1449966,51.5321999,0.4678580,0,0,51.532148933316080,110.144684888332140
401, ,409,270.483342237999980,270.4830017,144.7910004,0.5353050,0,0,144.791319921229220,270.482986503708450
402, ,410,40.814765772100003,40.8148003,35.6253014,0.8728530,0,0,35.625483327688798,40.814481861927625
403, ,411,338.747261256000000,338.7470093,179.2779999,0.5292390,0,0,179.278612942077840,338.747910920821940
404, ,412,231.059349873000000,231.0590057,93.8685989,0.4062540,0,0,93.868919574834081,231.059482649311260
405, ,413,218.527150745000000,218.5269928,96.1200027,0.4398540,0,0,96.119947989559776,218.526798968684520
406, ,414,326.412293181999980,326.4119873,107.1620026,0.3283030,0,0,107.162185873206140,326.412418702134570
407, ,415,24.645882636300001,24.6459007,29.1177998,1.1814500,0,0,29.117778764089895,24.645887752065740
409, ,417,50.757549994599998,50.7574997,52.8703995,1.0416300,0,0,52.870334238172347,50.757578924090190
410, ,418,31.671210288600001,31.6711998,30.6776009,0.9686280,0,0,30.677736676870264,31.671219424446075
411, ,419,392.401019469000000,392.4010010,188.9019928,0.4814000,0,0,188.901806887882200,392.400793145754390
412, ,420,132.987971461000000,132.9880066,129.1439972,0.9710950,0,0,129.144157540555370,132.987582456001150
414, ,422,22.612192416399999,22.6121998,36.7327995,1.6244700,0,0,36.732687571793036,22.612332137721097
415, ,423,265.838423529000010,265.8380127,127.2170029,0.4785510,0,0,127.217452965895380,265.838271554311920
416, ,424,17.108457153300002,17.1084995,29.5606003,1.7278301,0,0,29.560664882464614,17.108601097828991
417, ,425,282.827122535000000,282.8269958,178.5220032,0.6312060,0,0,178.522163464190470,282.827042659889910
418, ,426,7.084467567280000,7.0844698,16.3565998,2.3088000,0,0,16.356557831992081,7.084627966860666
419, ,427,3.712345007400000,3.7123499,7.4353700,2.0028701,0,0,7.435370085135065,3.712326635485066
420, ,428,135.718657408000010,135.7189941,66.6082993,0.4907810,0,0,66.607880217712548,135.718821441320360
421, ,430,48.202213350199997,48.2022018,49.7980003,1.0331100,0,0,49.798196397342558,48.202112615009774
423, ,0,0.000000000000000,464.7680054,263.5549927,0.5670680,0,0,263.554624936232070,464.767929989525840
425, ,0,0.000000000000000,318.5889893,207.5010071,0.6513130,0,0,207.501177054867240,318.588463828354120
426, ,0,0.000000000000000,2.5035300,7.6375098,3.0506999,0,0,7.637342858477457,2.503537501932951
427, ,0,0.000000000000000,386.0190125,243.8589935,0.6317280,0,0,243.859379612126670,386.019863912707420
428, ,0,0.000000000000000,483.3420105,356.3659973,0.7372960,0,0,356.366328976054210,483.341898104313770
429, ,0,0.000000000000000,1660.3499756,655.7949829,0.3949740,0,0,655.794992646273610,1660.354212000152800
430, ,0,0.000000000000000,164.4270020,90.7388992,0.5518490,0,0,90.738772123168019,164.426846820463250
432,l12-13-e6,0,0.000000000000000,1442.8699951,790.2329712,0.5476810,0,0,790.233566212580170,1442.872338868173300
433, ,0,0.000000000000000,18.3031006,19.8243008,1.0831100,0,0,19.824342751418861,18.303138023762166
438, ,0,0.000000000000000,16.6739006,22.2889996,1.3367600,0,0,22.289248302219999,16.673883633758283
439, ,0,0.000000000000000,4.7529602,10.4000998,2.1881299,0,0,10.400189803100679,4.752883606071571
440, ,0,0.000000000000000,47.4971008,44.0401001,0.9272170,0,0,44.040152911496513,47.497179275156107
441, ,0,0.000000000000000,6.4218898,14.1709003,2.2066600,0,0,14.170868185324993,6.421846271635393
442, ,0,0.000000000000000,1025.8299561,572.8460083,0.5584220,0,0,572.846566766073920,1025.826020880870600
443,s38-47,0,0.000000000000000,627.3029785,303.4219971,0.4836930,0,0,303.422095976050740,627.302342826028620
444, ,0,0.000000000000000,164.2550049,96.1696014,0.5854900,0,0,96.169793382863517,164.255059820930170
445, ,0,0.000000000000000,15.9928999,19.7847004,1.2370900,0,0,19.784774634393575,15.992990837489829
446, ,0,0.000000000000000,388.0209961,172.9029999,0.4456020,0,0,172.902594043231830,388.020498111647270
447, ,0,0.000000000000000,894.3129883,368.4689941,0.4120130,0,0,368.468239099994830,894.313022873303570
454, ,0,0.000000000000000,62.9496002,40.4416008,0.6424440,0,0,40.441302032611148,62.949437828565436
455, ,0,0.000000000000000,7870.1201172,2798.1499023,0.3555410,0,0,2798.152658326502200,7870.116624896504600
456, ,0,0.000000000000000,611.8150024,300.8240051,0.4916910,0,0,300.823251623705800,611.815769801492820
457, ,0,0.000000000000000,852.3540039,330.6189880,0.3878890,0,0,330.619991527612800,852.353734909767700
458, ,0,0.000000000000000,906.5609741,337.3720093,0.3721450,0,0,337.371557832519610,906.562062342086280
459, ,0,0.000000000000000,124.2399979,118.5189972,0.9539520,0,0,118.519275268467410,124.239625339388820
460, ,0,0.000000000000000,262.4739990,135.4470062,0.5160400,0,0,135.447066606385960,262.473846411459590
461, ,0,0.000000000000000,747.6409912,281.4880066,0.3765020,0,0,281.488634820360520,747.641849910610860
462, ,0,0.000000000000000,25.1154995,33.9738998,1.3527100,0,0,33.974037797637912,25.115614461389868
464, ,0,0.000000000000000,0.7762110,4.2145500,5.4296398,0,0,4.214537282566178,0.776208123684749
465, ,0,0.000000000000000,13.3513002,18.5697994,1.3908600,0,0,18.569653207844389,13.351321875914829
466, ,0,0.000000000000000,9.2735100,19.1355991,2.0634699,0,0,19.135704131210105,9.273355020813515
467, ,0,0.000000000000000,347.5060120,116.0950012,0.3340810,0,0,116.095038184979330,347.505334329965990
468, ,0,0.000000000000000,440.2520142,280.1019897,0.6362310,0,0,280.102074598608620,440.251531342857450
469, ,0,0.000000000000000,799.3670044,418.9400024,0.5240900,0,0,418.940155724524120,799.366682177526290
470, ,0,0.000000000000000,16.6718998,19.3831005,1.1626199,0,0,19.383014845993106,16.671998838858261
471, ,0,0.000000000000000,10.3512001,25.7826004,2.4907801,0,0,25.782352995731522,10.351149640778099
472, ,0,0.000000000000000,4.7582102,11.1561003,2.3446000,0,0,11.156224680275429,4.758360827447263
473, ,0,0.000000000000000,48.4287987,69.2314987,1.4295501,0,0,69.231389053284943,48.429176682896298
474, ,0,0.000000000000000,7.2268300,21.5513000,2.9821200,0,0,21.551157907605027,7.226861968411372
475, ,0,0.000000000000000,3.4344299,10.8161001,3.1493101,0,0,10.816056236472784,3.434356930190473
476, ,0,0.000000000000000,16.7994003,22.2236996,1.3228900,0,0,22.223893786643266,16.799425063326005
477, ,0,0.000000000000000,20.1392994,27.0979004,1.3455200,0,0,27.097967283373009,20.139224432232083
478, ,0,0.000000000000000,3.5275600,12.9411001,3.6685700,0,0,12.941157585467408,3.527666299813305
479, ,0,0.000000000000000,53.8979988,37.1376991,0.6890370,0,0,37.137588614846806,53.897972392169365
480, ,0,0.000000000000000,77.4786987,81.9110031,1.0572100,0,0,81.910843327185461,77.478561935563619
481, ,0,0.000000000000000,128.6510010,69.9582977,0.5437840,0,0,69.958392574061847,128.651017934097300
482, ,0,0.000000000000000,6944.5000000,2751.4499512,0.3962060,0,0,2751.447376308789400,6944.501313888723400
483, ,0,0.000000000000000,14.0264997,27.1532001,1.9358500,0,0,27.153094837470707,14.026213743625727
484, ,0,0.000000000000000,76.8304977,61.6211014,0.8020400,0,0,61.620976157350157,76.830279864531718
485, ,0,0.000000000000000,0.7358890,3.8750200,5.2657700,0,0,3.875046949159301,0.735907848497929
487, ,0,0.000000000000000,0.2998110,3.7320600,12.4480000,0,0,3.731871352511085,0.299777273292048
488,qr58-64-71_t13-14-15-16,0,0.000000000000000,4494.9199219,1941.2500000,0.4318760,0,0,1941.250737832446900,4494.923763413281400
489, ,0,0.000000000000000,3113.6599121,1167.0000000,0.3748000,0,0,1166.999208155976200,3113.659739946435800
490, ,0,0.000000000000000,642.4749756,233.5630035,0.3635360,0,0,233.562119063972460,642.475210212455980
491, ,0,0.000000000000000,329.4270020,162.9190063,0.4945530,0,0,162.919016806422290,329.426696525596010
492, ,0,0.000000000000000,219.9579926,113.6679993,0.5167710,0,0,113.667583933390920,219.957824925874120
493, ,0,0.000000000000000,19.0347996,26.6359997,1.3993300,0,0,26.636178824780991,19.034890959518943
494, ,0,0.000000000000000,347.0700073,196.6190033,0.5665110,0,0,196.619163887242650,347.069202271354810
495, ,0,0.000000000000000,142.5249939,76.6127014,0.5375390,0,0,76.612768381850401,142.524972462857020
496, ,0,0.000000000000000,9.7442904,16.8010006,1.7241900,0,0,16.800903002152477,9.744339026032955
497, ,0,0.000000000000000,1499.6500244,611.0980225,0.4074940,0,0,611.097323421130680,1499.648488913783500
498, ,0,0.000000000000000,70.5057983,41.2476006,0.5850240,0,0,41.247624562870755,70.505927948807710
499, ,0,0.000000000000000,1342.4300537,717.7880249,0.5346930,0,0,717.786937024314280,1342.435877895645500
500, ,0,0.000000000000000,1.2163301,5.4539199,4.4839101,0,0,5.453976763114007,1.216384720944205
501, ,0,0.000000000000000,6.8621998,13.5902004,1.9804400,0,0,13.590153896582297,6.862202571940239
502, ,0,0.000000000000000,67.2461014,65.6794968,0.9767030,0,0,65.679677941371892,67.246388342488828
503, ,0,0.000000000000000,1.9148200,7.3195901,3.8225999,0,0,7.319714116756312,1.915011571301051
504, ,0,0.000000000000000,5.1200800,15.8485003,3.0953600,0,0,15.848763691600180,5.120213147342795
505, ,0,0.000000000000000,2617.0800781,1484.3399658,0.5671740,0,0,1484.339489659513700,2617.081393928720400
506, ,0,0.000000000000000,2.4165599,8.3181896,3.4421599,0,0,8.318059974204463,2.416506610245019
507, ,0,0.000000000000000,721.4520264,400.6010132,0.5552700,0,0,400.601698389000320,721.452932097688400
508, ,0,0.000000000000000,54.4244995,45.7524986,0.8406600,0,0,45.752417266766429,54.424830826294304
509, ,0,0.000000000000000,1143.9300537,683.8560181,0.5978130,0,0,683.855898233550990,1143.929517960442400
510, ,0,0.000000000000000,53.1982994,83.4246979,1.5681800,0,0,83.424387859183142,53.198037919074686
511, ,0,0.000000000000000,1.5863000,6.4966102,4.0954499,0,0,6.496588343322642,1.586307171554232
512, ,0,0.000000000000000,88.9438019,59.7206993,0.6714430,0,0,59.720376455130435,88.943810826708599
513, ,0,0.000000000000000,1668.7500000,831.6060181,0.4983410,0,0,831.604536872235940,1668.748810152602100
514, ,0,0.000000000000000,27.9409008,41.1861992,1.4740500,0,0,41.186035401334088,27.941162045910414
515, ,0,0.000000000000000,52.7724991,65.9410019,1.2495300,0,0,65.941508986643925,52.772745335902307
516, ,0,0.000000000000000,0.3405020,2.7581799,8.1003304,0,0,2.758141902693282,0.340500406141357
517, ,0,0.000000000000000,66.5988998,74.5720978,1.1197200,0,0,74.571690002388621,66.599000002314682
518, ,0,0.000000000000000,229.4570007,244.3300018,1.0648201,0,0,244.329619903542240,229.456864785449740
519, ,0,0.000000000000000,37.1451988,38.0826988,1.0252399,0,0,38.082691289765236,37.144979037650792
520, ,0,0.000000000000000,36.6711998,36.0042992,0.9818140,0,0,36.004242345631141,36.671098302095295
521, ,0,0.000000000000000,4.7777901,12.7898998,2.6769500,0,0,12.789881474789611,4.777639809362019
522, ,0,0.000000000000000,31.1658001,31.2089005,1.0013800,0,0,31.209039506861849,31.165874779826471
523, ,0,0.000000000000000,45.5449982,40.1781006,0.8821630,0,0,40.177935897810798,45.544941953313227
524, ,0,0.000000000000000,0.3122210,2.7641301,8.8531199,0,0,2.764105183721406,0.312215832028469
525, ,0,0.000000000000000,19.3840008,28.9995003,1.4960500,0,0,28.999413637480885,19.384321424908109
526, ,0,0.000000000000000,92.7626038,83.7508011,0.9028510,0,0,83.750578427968918,92.762929835332699
527, ,0,0.000000000000000,0.9842650,5.3784299,5.4644098,0,0,5.378320752283075,0.984276020220153
528, ,0,0.000000000000000,644.5170288,387.5820007,0.6013530,0,0,387.583610036046820,644.517301950327690
529, ,0,0.000000000000000,573.6640015,433.9089966,0.7563820,0,0,433.908175789800110,573.664099747264910
530, ,0,0.000000000000000,412.0549927,263.5450134,0.6395870,0,0,263.545512645982910,412.054157131488750
531, ,0,0.000000000000000,4024.0300293,1828.4599609,0.4543850,0,0,1828.459660906378800,4024.026411311084800
532, ,0,0.000000000000000,4.4750500,15.0122004,3.3546400,0,0,15.012278243851192,4.475003855060189
533, ,0,0.000000000000000,1.5931900,5.3065100,3.3307500,0,0,5.306434637185282,1.593126803483635
534, ,0,0.000000000000000,2296.0500488,915.0079956,0.3985140,0,0,915.009304636992400,2296.051851875640300
535, ,0,0.000000000000000,2037.0100098,938.4920044,0.4607200,0,0,938.491173279414620,2037.007742427535300
536, ,0,0.000000000000000,515.3099976,336.9280090,0.6538360,0,0,336.927736462019540,515.310454523914700
537, ,0,0.000000000000000,304.1449890,264.1369934,0.8684570,0,0,264.136742336158190,304.144447616190230
538, ,0,0.000000000000000,3594.2600098,1826.8000488,0.5082550,0,0,1826.803221230371500,3594.256082696836100
539, ,0,0.000000000000000,1048.4399414,626.9030151,0.5979390,0,0,626.902433974422250,1048.443534049828700
540, ,0,0.000000000000000,1032.5200195,442.2980042,0.4283670,0,0,442.296924919600880,1032.523530982622600
541, ,0,0.000000000000000,5.5398302,14.3198004,2.5848801,0,0,14.319745303008728,5.539723328877656
542, ,0,0.000000000000000,542.1030273,246.1210022,0.4540110,0,0,246.121330946921940,542.102503768857330
543, ,0,0.000000000000000,40.7989998,41.7703018,1.0238100,0,0,41.770333133531729,40.798784511692688
544, ,0,0.000000000000000,2426.9899902,1172.6899414,0.4831870,0,0,1172.691851249724100,2426.991594985596700
545, ,0,0.000000000000000,71.5701981,87.6763992,1.2250400,0,0,87.676145844778375,71.570609503007105
546, ,0,0.000000000000000,3.1487501,9.0308704,2.8680799,0,0,9.030941498552794,3.148907143964681
547, ,0,0.000000000000000,10.1002998,23.2159004,2.2985401,0,0,23.215749800947211,10.100479064323460
548, ,0,0.000000000000000,1.1956800,5.7324700,4.7943201,0,0,5.732298072726436,1.195627387020030
549, ,0,0.000000000000000,11.9981003,18.1525993,1.5129600,0,0,18.152717708228540,11.998025364955192
550, ,0,0.000000000000000,6.1037002,16.0433998,2.6284699,0,0,16.043203024332449,6.103738843766830
551, ,0,0.000000000000000,1654.9300537,950.0880127,0.5740960,0,0,950.088281289191510,1654.931826305065400
552, ,0,0.000000000000000,3880.9399414,1652.4399414,0.4257830,0,0,1652.439164623645200,3880.934380475117500
553, ,0,0.000000000000000,53.7588997,48.4832001,0.9018640,0,0,48.483353440044553,53.758623833915884
554, ,0,0.000000000000000,4.2333798,12.8980999,3.0467601,0,0,12.898077208830919,4.233288624616487
555, ,0,0.000000000000000,9568.2597656,4023.8898926,0.4205460,0,0,4023.888189927524800,9568.256255264626800
556, ,0,0.000000000000000,11.3688002,23.2716007,2.0469699,0,0,23.271426216814923,11.368598326198800
557, ,0,0.000000000000000,0.8951630,5.0754900,5.6699100,0,0,5.075476232518336,0.895149976424263
558, ,0,0.000000000000000,4.3213902,13.6304998,3.1541901,0,0,13.630438723673480,4.321504629524671
559, ,0,0.000000000000000,50.4257011,57.0177002,1.1307300,0,0,57.017704577025974,50.426094343024843
560, ,0,0.000000000000000,1421.8000488,911.4509888,0.6410540,0,0,911.451171166951210,1421.798847347003600
561, ,0,0.000000000000000,1042.1500244,444.3869934,0.4264140,0,0,444.386849104938510,1042.148553615377500
562, ,0,0.000000000000000,112.7919998,118.7939987,1.0532100,0,0,118.793199704415240,112.791871088656810
563, ,0,0.000000000000000,2.0557699,8.5526505,4.1603198,0,0,8.552710527107815,2.055760289788275
564, ,0,0.000000000000000,4.7113099,16.4811993,3.4982200,0,0,16.481079567969466,4.711163336926762
565, ,0,0.000000000000000,541.9000244,250.0310059,0.4613970,0,0,250.030934664636330,541.899442526884170
566, ,0,0.000000000000000,858.7420044,446.9469910,0.5204670,0,0,446.946605054399010,858.742087450888790
567, ,0,0.000000000000000,82.0252991,79.8427963,0.9733920,0,0,79.843336795832016,82.025471878917514
568, ,0,0.000000000000000,128.3860016,131.2779999,1.0225300,0,0,131.278444143248830,128.387260766899120
569, ,0,0.000000000000000,116.9680023,93.9823990,0.8034880,0,0,93.982552777601057,116.968566055980960
570, ,0,0.000000000000000,156.3179932,128.8379974,0.8242050,0,0,128.836964759315040,156.318007127958050
571, ,0,0.000000000000000,74.8576965,67.2341003,0.8981590,0,0,67.234452649306292,74.857817437648492
572, ,0,0.000000000000000,829.0520020,387.7650146,0.4677210,0,0,387.765315804518880,829.052832622264530
573, ,0,0.000000000000000,43.9198990,61.5416985,1.4012300,0,0,61.541321333970586,43.919663060908611
574, ,0,0.000000000000000,21.6375008,46.2046013,2.1353900,0,0,46.204561203369153,21.637642176936779
575, ,0,0.000000000000000,729.6920166,628.2479858,0.8609770,0,0,628.248760427502590,729.690865946440450
576, ,0,0.000000000000000,0.8511840,4.5723400,5.3717399,0,0,4.572189895989997,0.851146380980688
577, ,0,0.000000000000000,0.7428330,4.8776999,6.5663500,0,0,4.877541309543338,0.742790545537645
578, ,0,0.000000000000000,395.4440002,309.4469910,0.7825300,0,0,309.447392205093590,395.444493196391080
579, ,0,0.000000000000000,11.0791998,25.8932991,2.3371100,0,0,25.893322068901526,11.079293472833848
580, ,0,0.000000000000000,2.0892200,9.7574196,4.6703601,0,0,9.757486744782646,2.089184126665021
581, ,0,0.000000000000000,6.3583798,14.0319996,2.2068501,0,0,14.032054494082155,6.358593947548198
582, ,0,0.000000000000000,37.7686996,42.2904015,1.1197200,0,0,42.290190359158679,37.768594279000446
583, ,0,0.000000000000000,14.5397997,28.3714008,1.9512900,0,0,28.371433957081166,14.539945049544823
584, ,0,0.000000000000000,32.7034988,35.1486015,1.0747700,0,0,35.148387601653432,32.703137830690956
585, ,0,0.000000000000000,171.5679932,203.7749939,1.1877199,0,0,203.775926017756940,171.567356482143480
586, ,0,0.000000000000000,3.6996000,11.4195004,3.0866899,0,0,11.419405295740432,3.699633825631629
587, ,0,0.000000000000000,2.3059499,7.7262301,3.3505599,0,0,7.726125368706619,2.305887403929302
588, ,0,0.000000000000000,13.0518999,25.4372997,1.9489300,0,0,25.437414261700322,13.052013048685813
589, ,0,0.000000000000000,9.3055696,22.5163994,2.4196701,0,0,22.516356408004750,9.305722498284226
590, ,0,0.000000000000000,1.1476800,6.8505301,5.9690199,0,0,6.850628184358315,1.147644235777412
591, ,0,0.000000000000000,0.3629040,3.9579799,10.9063997,0,0,3.957977674501401,0.362902501163855
592, ,0,0.000000000000000,0.5313350,3.5231299,6.6307101,0,0,3.523191042441030,0.531363370178093
593, ,0,0.000000000000000,1.0385200,4.3526602,4.1912098,0,0,4.352590031482343,1.038492561406615
594, ,0,0.000000000000000,2.4802599,7.3953900,2.9816999,0,0,7.395498892219877,2.480276262094446
595, ,0,0.000000000000000,1.6038100,6.1295400,3.8218601,0,0,6.129654050094914,1.603844855728079
596, ,0,0.000000000000000,2.6356699,7.1043100,2.6954501,0,0,7.104298368636432,2.635757342161622
597, ,0,0.000000000000000,5.2226901,10.6416998,2.0375900,0,0,10.641735623837901,5.222646241141995
598, ,0,0.000000000000000,0.6905960,3.8815501,5.6205802,0,0,3.881553208320136,0.690594357681542
599, ,0,0.000000000000000,1.9377300,6.3019300,3.2522199,0,0,6.301828232110902,1.937643849677050
600, ,0,0.000000000000000,10.5696001,23.7532005,2.2473099,0,0,23.753265922924914,10.569617869335705
601, ,0,0.000000000000000,27.4335003,50.2812004,1.8328400,0,0,50.281212289247250,27.433533532596506
602, ,0,0.000000000000000,7.2475801,21.4255009,2.9562299,0,0,21.425407176543292,7.247466006285983
603, ,0,0.000000000000000,0.3454730,3.3405800,9.6695805,0,0,3.340602837558383,0.345462822981008
604, ,0,0.000000000000000,0.4455650,3.6553199,8.2037897,0,0,3.655437021583821,0.445579499730274
605, ,0,0.000000000000000,2.3014200,7.6016302,3.3030200,0,0,7.601664389146632,2.301414619924523
606, ,0,0.000000000000000,29.2737007,35.6450005,1.2176501,0,0,35.645121368035490,29.273867504212419
607, ,0,0.000000000000000,9.3992100,20.0077991,2.1286700,0,0,20.007890049804697,9.399262058906071
608, ,0,0.000000000000000,15.9420996,18.9808006,1.1906101,0,0,18.980846316641923,15.942129804772993
609, ,0,0.000000000000000,80.1286011,78.1606979,0.9754410,0,0,78.160759831612438,80.128408536231362
610, ,0,0.000000000000000,3.2308500,9.9919100,3.0926600,0,0,9.991946117435116,3.230916502717031
611, ,0,0.000000000000000,0.7365610,5.2049599,7.0665698,0,0,5.204851982181605,0.736517446340594
612, ,0,0.000000000000000,0.3853050,3.2510600,8.4376297,0,0,3.251092768813370,0.385310943533980
613, ,0,0.000000000000000,52.8549004,49.5037994,0.9365980,0,0,49.504303043554920,52.855188076263701
614, ,0,0.000000000000000,169.8699951,131.1649933,0.7721490,0,0,131.164426475523840,169.869717121051390
615, ,0,0.000000000000000,17.0035992,23.1331005,1.3604800,0,0,23.133252025588316,17.004063175017468
616, ,0,0.000000000000000,4.9012198,13.2505999,2.7035301,0,0,13.250371516860964,4.901101441642600
617, ,0,0.000000000000000,63.6523018,75.7098007,1.1894300,0,0,75.710238318705905,63.652209504238392
618, ,0,0.000000000000000,2.1013100,9.4344702,4.4898000,0,0,9.434521693406246,2.101271346716907
619, ,0,0.000000000000000,1.7848099,5.4867201,3.0741200,0,0,5.486705382476602,1.784804094111948
620, ,0,0.000000000000000,1.9755300,10.1292000,5.1273298,0,0,10.129202751620484,1.975537476565266
621, ,0,0.000000000000000,10.9596996,23.5212002,2.1461501,0,0,23.521373495977503,10.959659730620816
622, ,0,0.000000000000000,2.1760900,8.4010401,3.8606100,0,0,8.400833440035786,2.176047655126991
623, ,0,0.000000000000000,0.6478930,4.1996598,6.4820299,0,0,4.199596327284288,0.647863045308736
624, ,0,0.000000000000000,0.9296610,6.7072201,7.2146902,0,0,6.707359823008313,0.929725559037548
625, ,0,0.000000000000000,3.1176600,7.7513399,2.4862700,0,0,7.751379609947542,3.117662469649451
626, ,0,0.000000000000000,15.0251999,31.5294991,2.0984399,0,0,31.529416622996667,15.025060425882662
627, ,0,0.000000000000000,7.6668501,14.3428001,1.8707600,0,0,14.342795041513863,7.666857442556620
628, ,0,0.000000000000000,2.2439599,9.4090900,4.1930699,0,0,9.409036347936707,2.244021736078947
629, ,0,0.000000000000000,9.9788504,27.1566010,2.7214200,0,0,27.156862716387195,9.978794812399212
630, ,0,0.000000000000000,2.1769199,7.9970198,3.6735499,0,0,7.997018311823427,2.176947480590638
631, ,0,0.000000000000000,1.0280000,4.7886500,4.6582198,0,0,4.788659538924826,1.027999031063513
632, ,0,0.000000000000000,551.1500244,397.1149902,0.7205210,0,0,397.114789213155350,551.150207284318180
633, ,0,0.000000000000000,3286.4699707,1583.2199707,0.4817390,0,0,1583.219279901694100,3286.470169634543300
634, ,0,0.000000000000000,84.1309967,55.0117989,0.6538830,0,0,55.011896225684254,84.131104137211977
635, ,0,0.000000000000000,1778.8299561,525.4119873,0.2953690,0,0,525.412089387201950,1778.827245990439000
636, ,0,0.000000000000000,10.4443998,19.0671005,1.8255800,0,0,19.066994041754214,10.444461990532503
637, ,0,0.000000000000000,233.8179932,186.9369965,0.7994980,0,0,186.937233670953670,233.818559206601660
638, ,0,0.000000000000000,994.1030273,579.9479980,0.5833880,0,0,579.949336646803660,994.103142212591820
639, ,0,0.000000000000000,82.8697968,72.6268005,0.8763970,0,0,72.626435365588065,82.869610306078272
640, ,0,0.000000000000000,4.2825298,10.2707996,2.3982999,0,0,10.270902503891049,4.282455764901810
641, ,0,0.000000000000000,555.0999756,208.4450073,0.3755090,0,0,208.444991384875980,555.099323420089150
642, ,0,0.000000000000000,3.7463000,10.6415005,2.8405399,0,0,10.641607297610886,3.746237504808029
643, ,0,0.000000000000000,597.4910278,218.5249939,0.3657380,0,0,218.524419510786230,597.490328658450950
644, ,0,0.000000000000000,1383.9200439,445.7969971,0.3221260,0,0,445.796789896426110,1383.918887036795200
645, ,0,0.000000000000000,451.6010132,183.5839996,0.4065180,0,0,183.583840978145670,451.601239407246230
646, ,0,0.000000000000000,237.7870026,85.6765976,0.3603080,0,0,85.676728784423261,237.786790541024940
647, ,0,0.000000000000000,1034.8299561,479.0599976,0.4629360,0,0,479.060620074915850,1034.835900489381600
648, ,0,0.000000000000000,456.0419922,246.9470062,0.5415010,0,0,246.947868680601180,456.042594474120560
649, ,0,0.000000000000000,364.3349915,213.1690063,0.5850910,0,0,213.168198771806570,364.334816124283350
650, ,0,0.000000000000000,14.2223997,16.5382004,1.1628300,0,0,16.538027805065408,14.222190994779696
651, ,0,0.000000000000000,22.6310997,25.1933994,1.1132200,0,0,25.193290384162239,22.631122182145273
652, ,0,0.000000000000000,196.7330017,109.8610001,0.5584270,0,0,109.860757335417220,196.732995943293930
653, ,0,0.000000000000000,3223.2800293,1257.3000488,0.3900690,0,0,1257.297919557476900,3223.283306334564300
654, ,0,0.000000000000000,14.0429001,29.1310997,2.0744400,0,0,29.131204965540732,14.043000384919699
655, ,0,0.000000000000000,27.5851002,41.5629005,1.5067199,0,0,41.562819172488403,27.584952802467331
656, ,0,0.000000000000000,69.0214005,77.5188980,1.1231101,0,0,77.518896443185000,69.021076774445504
657, ,0,0.000000000000000,34.0237999,35.1129990,1.0320100,0,0,35.113291808962835,34.023667042801080
658, ,0,0.000000000000000,498.0299988,217.4400024,0.4366000,0,0,217.440565880109290,498.029603895101620
659, ,0,0.000000000000000,6.6462402,11.0433998,1.6616000,0,0,11.043293305434101,6.646219125239668
660, ,0,0.000000000000000,225.1089935,95.1569977,0.4227150,0,0,95.156743100342453,225.108846797249210
661, ,0,0.000000000000000,27.7162991,33.4654007,1.2074300,0,0,33.465339346439556,27.716566127548532
662, ,0,0.000000000000000,106.3109970,61.6882019,0.5802620,0,0,61.688132067686922,106.311312298261240
663, ,0,0.000000000000000,268.3070068,186.8350067,0.6963480,0,0,186.835371886914830,268.306909408837160
664, ,0,0.000000000000000,303.6029968,158.5140076,0.5221100,0,0,158.513116545692700,303.603184147674140
665, ,0,0.000000000000000,33.3111000,28.2868004,0.8491700,0,0,28.286757676559510,33.311090999720093
666, ,0,0.000000000000000,99.6466980,88.5907974,0.8890490,0,0,88.590654611865943,99.646666515904172
667, ,0,0.000000000000000,21.2091999,28.3861008,1.3383900,0,0,28.386164914588200,21.209061063742865
668, ,0,0.000000000000000,33.3413010,32.7428017,0.9820490,0,0,32.742437087092711,33.341351034068992
669, ,0,0.000000000000000,20.9515991,31.1012993,1.4844400,0,0,31.101398329726095,20.951823951043501
670, ,0,0.000000000000000,0.5320350,3.4028201,6.3958602,0,0,3.402944796271355,0.532084136285753
671, ,0,0.000000000000000,10.9103003,25.7684994,2.3618500,0,0,25.768516208346060,10.910589264141285
673,wb,,,87.9503021,81.7445984,0.9294420,,,81.744720248503313,87.950310824343148
674,b26,,,1324.6600342,270.5939941,0.2042740,,,270.593420725810860,1324.657623084990500
675,b25,,,22.1588001,26.0655994,1.1763099,,,26.065696915044331,22.158939616921753
676,b24,,,216.1300049,85.9607010,0.3977260,,,85.960704017062042,216.131078683679820
677,b23,,,938.5189819,244.2810059,0.2602830,,,244.279632714738540,938.518407284225420
678,b12,,,161.8430023,84.6094971,0.5227890,,,84.609746182657886,161.842394542969630
679,n10,,,70.7431030,57.0497017,0.8064340,,,57.049741708666225,70.743206707235387
680,n28,,,25.2406006,38.4487000,1.5232900,,,38.448713762232991,25.240787925983796
681,c58,,,241.4779968,96.5752029,0.3999340,,,96.575279004908481,241.478184648562210
682,m27,,,47.5191002,32.0726013,0.6749410,,,32.072663444212971,47.519122571139071
683,c46,,,64.5150986,60.0834007,0.9313090,,,60.083093699700939,64.515121081749697
684,c6,,,85.0048981,87.3765030,1.0279000,,,87.376640580798608,85.004548839486503
685,m28,,,80.6858978,57.4328995,0.7118090,,,57.432760271999733,80.685659406739802
686,m29,,,55.2020988,49.9878998,0.9055440,,,49.987453847710356,55.202585196997354
687,m25,,,36.0180016,27.7171993,0.7695380,,,27.717016190477175,36.018082511308798
688,m23a,,,32.3485985,31.3302002,0.9685160,,,31.330108833757389,32.348631067617241
689,m11,,,9.7281904,16.5737000,1.7036800,,,16.573486289809747,9.728207606472829
690,m22a,,,5.4099598,9.7237902,1.7973900,,,9.723734465658080,5.409960812528034
691,m23,,,193.5260010,106.6790009,0.5512370,,,106.678429688200300,193.526434274416940
692,m24,,,19.9820995,22.1793995,1.1099600,,,22.179302226962601,19.982114721612469
693,m21,,,122.0139999,66.8520966,0.5479060,,,66.851970403321005,122.013879494350020
694,m16-22,,,100.4550018,49.5682983,0.4934360,,,49.568513548500292,100.455343007683340
695,m12,,,181.8679962,120.9359970,0.6649690,,,120.936433768421210,181.867907031495430
696,c51,,,68.1303024,77.3182983,1.1348600,,,77.318540957665689,68.130062725190797
697,c38,,,54.0620995,47.6930008,0.8821890,,,47.692826912746135,54.062052719804853
698,c24,,,117.4950027,70.1667023,0.5971880,,,70.166742585343897,117.495107620981880
699,c37,,,52.0318985,41.2778015,0.7933170,,,41.277380339962718,52.031799247346704
700,p55,,,32.9704018,40.3227005,1.2230000,,,40.322962215770453,32.970373211990257
701,m33-34-35,,,965.8859863,309.5260010,0.3204580,,,309.526057588058680,965.887008563323210
702,m6a,,,67.1912003,46.0093002,0.6847510,,,46.009246611923736,67.190969608952713
703,m5,,,153.6419983,106.5500031,0.6934940,,,106.549747734818740,153.642286118814520
704,m4,,,78.4977036,49.6002998,0.6318700,,,49.600361586050482,78.497631423273276
705,m1a,,,49.1786003,61.3404007,1.2473000,,,61.340435302416253,49.178613601895975
706,m14,,,24.8206005,21.9650002,0.8849480,,,21.965158266579284,24.820756166681953
707,m14a,,,97.0130005,66.4116974,0.6845650,,,66.411709017990816,97.013007661711427
708,m38,,,205.0249939,87.4979019,0.4267680,,,87.498287779275543,205.024240986504880
709,m36,,,50.5134010,42.0918999,0.8332820,,,42.091853666528486,50.513499569217764
710,mis,,,143.1690063,67.7711029,0.4733660,,,67.771183777786959,143.168440192048220
711,p63,,,106.8349991,62.3361015,0.5834820,,,62.336037923342204,106.834609968323460
712,p42,,,150.1519928,104.9380035,0.6988790,,,104.937206998602950,150.151871114176660
713,p44,,,226.1629944,119.6940002,0.5292350,,,119.693437733421220,226.162999140698590
714,p22,,,40.5481987,31.1135998,0.7673240,,,31.113924033185217,40.548365968263674
715,p24,,,149.5010071,92.8778000,0.6212500,,,92.877544946527834,149.501735153622090
716,p33,,,74.4999008,52.2156982,0.7008830,,,52.215870535364203,74.499857837791112
717,p39,,,53.3844986,41.3063011,0.7737510,,,41.306232994951422,53.384400827036117
718,p21,,,98.9235992,87.7604980,0.8871550,,,87.760405727637135,98.923777698690543
719,qr132,,,60.2571983,39.0139008,0.6474570,,,39.013939269697595,60.256971639380147
720,qr20,,,161.6069946,82.1378021,0.5082560,,,82.137788438607316,161.607190264201190
721,s39,,,45.6757011,29.8806992,0.6541920,,,29.880474571652027,45.676063644239029
722,s5,,,51.4757004,38.8278999,0.7542970,,,38.827708139824971,51.475715858656997
723,qr65,,,137.4530029,82.2023010,0.5980370,,,82.202168307025474,137.453335361674140
724,d22,,,33.1534996,44.1815987,1.3326401,,,44.181612049327590,33.153434437729778
725,d16,,,45.2103996,43.5969009,0.9643120,,,43.597121722494641,45.210626463085369
726,d9-11,,,8.5847101,23.9941006,2.7949800,,,23.994052660839959,8.584744265208339
727,d35,,,36.1982994,57.5199013,1.5890200,,,57.520371040087170,36.198025673612065
728,d12,,,48.3171005,40.1501007,0.8309690,,,40.150260076121917,48.317060304613406
729,d47,,,61.0457993,60.0595016,0.9838440,,,60.059429677505278,61.046383290820458
730,hk1,,,171.6560059,102.6409988,0.5979450,,,102.640972326049750,171.656755826965220
731,d1,,,971.1690063,308.7179871,0.3178830,,,308.717301564422880,971.169942872827730
732,g23,,,12.5377998,21.3992996,1.7067800,,,21.399359019017616,12.538221849508261
733,g43,,,42.5167007,37.9169006,0.8918110,,,37.916587383547700,42.516519100999695
734,f37,,,112.8970032,78.0318985,0.6911750,,,78.031892073213058,112.897427858616210
735,g35,,,312.4360046,252.5160065,0.8082170,,,252.515584324229390,312.435978949970040
736,f23,,,44.2521019,37.2798004,0.8424420,,,37.279687757601330,44.252157801656196
737,g32,,,40.4224014,33.4222984,0.8268260,,,33.422330281566914,40.422340187220279
738,f5,,,162.5659943,77.3960037,0.4760890,,,77.396052739674332,162.566542617784420
739,fbeach,,,558.6970215,153.5789948,0.2748880,,,153.579170073292520,558.696986339499060
740,g2,,,96.1765976,61.5405998,0.6398710,,,61.540592287421710,96.176304668096449
741,d70,,,26.4487000,32.9864998,1.2471800,,,32.986477887606661,26.448942269064123
742,b33,,,42.6749992,36.2706985,0.8499300,,,36.270957758217200,42.674709071851680
743,s2-4,,,521.0910034,387.8120117,0.7442310,,,387.812378332143960,521.090916429092090
744,p6,,,901.0419922,483.9960022,0.5371520,,,483.995956555602620,901.042293407451890
745,l17,,,178.8150024,78.6502991,0.4398410,,,78.650744210177891,178.815135154790060
746,l23_1,,,5.1995902,11.7477999,2.2593701,,,11.748019876104889,5.199733989545519
747,t5,,,133.5809937,87.1050034,0.6520740,,,87.104777289243884,133.580878865594970
748,m7,,,216.0570068,137.4450073,0.6361500,,,137.444294453997460,216.056763227846430
749,m6,,,51.9385986,48.8428993,0.9403970,,,48.842870721668554,51.938225371891107
750,m31,,,441.7789917,186.3249969,0.4217610,,,186.324140565651590,441.779974269260490
751,m30,,,145.0180054,65.9262009,0.4546080,,,65.925965743595370,145.017122552213890
752,m32,,,252.9179993,121.8669968,0.4818460,,,121.867208330069200,252.917879023409510
753,m37,,,47.3487015,65.9134979,1.3920900,,,65.913976578635896,47.348593401979016
754,g54,,,28.6266003,40.5247993,1.4156300,,,40.524459109689552,28.626568720879625
755,t16,,,193.2610016,155.1230011,0.8026630,,,155.123106199079390,193.260854979818110
756,l13,,,473.1489868,352.2730103,0.7445280,,,352.272939099135500,473.148744456387130
757,n22,,,25.0207996,25.7742996,1.0301100,,,25.773989448377364,25.020868200374043
758,n12,,,65.4536972,46.4869003,0.7102260,,,46.486581386470803,65.453669660502698
759,s38,,,113.8320007,78.8219986,0.6924440,,,78.822031169471529,113.831302527001200
760,p40_1,,,70.1613998,56.6507988,0.8074350,,,56.650736165262906,70.161435748766806
761,c30-31,,,616.6110229,270.5039978,0.4386950,,,270.504086358174160,616.610054481135190
762,l23_2,,,5.2275500,11.2151003,2.1453900,,,11.215100287571127,5.227499493057572
763,s3,,,1.7925900,5.5265999,3.0830300,,,5.526704960465211,1.792678137790293
764,m21-24,,,141.9960022,89.0314026,0.6270000,,,89.031272630283610,141.995994215962500
765,d24_2,,,27.6791000,25.9493008,0.9375050,,,25.949352111413187,27.679102531224373
766,d24_1,,,108.8610001,65.6980972,0.6035060,,,65.697987516856259,108.860916117353750
767,d24,,,136.5399933,91.6474991,0.6712140,,,91.647339628269435,136.540018648578130
768,p44_1,,,54.8367996,47.0688019,0.8583440,,,47.069030529471988,54.837046641381072
769,p44_2,,,171.3269958,72.6247025,0.4238960,,,72.624407203949261,171.325952499317510
770,d9,,,4.7600098,10.3744001,2.1794801,,,10.374370258474213,4.759930364024001
771,d11,,,3.8247001,13.6197996,3.5610001,,,13.619682402365743,3.824813901184339
772,c19-1,,,43.6436996,46.7360001,1.0708500,,,46.736215503918679,43.643841282991197
773,n11,,,35.2355003,37.3050995,1.0587400,,,37.305290998158789,35.235824391060241
774,b10,,,172.7610016,93.3350983,0.5402550,,,93.335196603202334,172.761434550558620
775,t7,,,250.1999969,111.8649979,0.4471010,,,111.864612767208650,250.199642477107290
776,t18,,,8.6219501,18.3288994,2.1258500,,,18.328977603664100,8.621969892303486
777,s33,,,202.6569977,116.5650024,0.5751830,,,116.564826458381360,202.656622810428790
778,d48,,,26.1676998,26.8833008,1.0273499,,,26.883453257449716,26.167621071515388
779,d47-48,,,87.2135010,86.9428024,0.9968960,,,86.942882934955009,87.214004362335857
780,p23,,,18.8120003,32.1341019,1.7081701,,,32.134357394170706,18.812021775091068
781,p22-23,,,59.3602982,63.2476997,1.0654900,,,63.248281427355934,59.360387743354742
782,m19,,,142.5249939,76.6127014,0.5375390,,,76.612768381850401,142.524972462857020
783,m20,,,347.0700073,196.6190033,0.5665110,,,196.619163887242650,347.069202271354810
784,g46,,,11.5945997,20.2334995,1.7450800,,,20.233431285144260,11.594706997907835
785,l19,,,18.3031006,19.8243008,1.0831100,,,19.824342751418861,18.303138023762166
786,c40,,,8.1915903,16.2773991,1.9870900,,,16.277115313311075,8.191520170091932
787,g58,,,4.9848900,11.2159996,2.2500000,,,12.168502569398052,5.847477997588300