FID,FID_1,Field1,Bandnumb,BQI_A,season,lat,lon,FID_2,POINTID,GRID_CODE,Distance
0,457,458,71569,0.344281653483000,1718,-77.462356000000000,169.224333000000000,168,169,-0.054565000000000,0.000027046525869
1,258,259,51548,0.450462641524000,1718,-77.460572999999997,169.228451000000010,700,701,0.019410110000000,0.000026694306365
2,141,142,49188,0.463087194745000,1415,-77.459598000000000,169.230072000000010,2044,2045,0.061751240000000,0.000024521916065
3,153,154,49468,0.423450372839000,1415,-77.459109999999995,169.232710000000000,2959,2960,0.029711190000000,0.000054654004864
4,111,112,47842,0.125726569914000,1415,-77.458116000000004,169.247145999999990,8828,8829,0.037313000000000,0.000025371445852
5,199,200,50352,0.119322207110000,1415,-77.457920999999999,169.244391000000010,9243,9244,0.065782680000000,0.000010714961356
6,55,56,45989,0.193549323467000,1617,-77.457567999999995,169.241629999999990,10173,10174,0.040162680000000,0.000059821188488
7,234,235,50999,0.045508335134000,1516,-77.457622999999998,169.241192000000010,10178,10179,0.045677690000000,0.000034729304818
8,270,271,62089,-0.092565373874000,1718,-77.457615000000004,169.247718999999990,11761,11762,0.035836540000000,0.000007560718294
9,253,254,51373,-0.028410697548400,1718,-77.461546999999996,169.285455000000010,12870,12871,-0.105699500000000,0.027487575296800
10,453,454,71525,0.194269622723000,1718,-77.461832000000001,169.289192000000010,12870,12871,-0.105699500000000,0.031230120915500
11,29,30,42197,0.032287824181400,1516,-77.457606999999996,169.256800000000000,14506,14507,-0.068470680000000,0.000268946132050
12,146,147,49330,-0.017912511677200,1718,-77.456224000000006,169.225865000000000,16194,16195,-0.005623160000000,0.000026513152629
13,215,216,50723,0.130791236034000,1617,-77.456053999999995,169.223875999999990,16209,16210,-0.046314730000000,0.000064535715696
14,317,318,69585,0.023087081667900,1718,-77.456622999999993,169.240997999999990,17783,17784,0.003192000000000,0.000003158047331
15,250,251,51316,0.122347916030000,1718,-77.456402999999995,169.237461000000000,17900,17901,0.014556290000000,0.000057862381669
16,418,419,71050,0.033045878844000,1718,-77.456027000000006,169.229454000000000,18574,18575,-0.001873980000000,0.000030319236245
17,293,294,62339,0.361839701547000,1617,-77.455676999999994,169.222907999999990,19040,19041,-0.012145900000000,0.000006319201280
18,56,57,46084,0.043072313920400,1617,-77.455685000000003,169.223615999999990,19314,19315,-0.008237940000000,0.000030022823245
19,368,369,70399,0.177662808419000,1718,-77.455533000000003,169.220862000000010,19331,19332,-0.011633530000000,0.000025736683428
20,59,60,46135,0.049959966406000,1617,-77.456292000000005,169.240455999999990,19773,19774,0.073700870000000,0.000014268604413
21,508,509,72838,-0.053983329046600,1617,-77.455286000000001,169.224058000000010,21386,21387,-0.004024300000000,0.000036853925236
22,91,92,46746,-0.129720019117000,1718,-77.455366999999995,169.228012000000010,21544,21545,0.000738770000000,0.000016707569913
23,375,376,70489,0.281806266858000,1718,-77.456155999999993,169.247111999999990,21573,21574,-0.013596530000000,0.000012295599474
24,174,175,49984,-0.214481113875000,1617,-77.455590999999998,169.238058000000000,22365,22366,0.039749330000000,0.000006963581786
25,228,229,50978,0.237484298844000,1415,-77.455719000000002,169.242315999999990,22473,22474,0.015680860000000,0.000026668269608
26,157,158,49631,0.284302618663000,1516,-77.455546999999996,169.241048000000010,22752,22753,-0.013461910000000,0.000058800632776
27,99,100,46984,-0.059367140862600,1516,-77.455532000000005,169.239728000000010,22758,22759,0.004354020000000,0.000019658894969
28,404,405,70821,-0.165359548626000,1718,-77.455286999999998,169.233105999999990,22776,22777,0.006505720000000,0.000034530042747
29,349,350,70147,-0.087592988392100,1718,-77.455433999999997,169.242140000000010,23356,23357,0.016684380000000,0.000069526247969
30,304,305,69359,-0.158218086769000,1718,-77.454986000000005,169.231539000000000,23816,23817,-0.022174930000000,0.000015656129976
31,48,49,44953,-0.049231920412400,1718,-77.455078999999998,169.235829999999990,23993,23994,-0.001564870000000,0.000032166631300
32,69,70,46318,0.039150106820700,1415,-77.454926000000000,169.233118999999990,24117,24118,-0.004294400000000,0.000032072626496
33,63,64,46226,-0.262342472654000,1718,-77.454931999999999,169.231820000000000,24124,24125,-0.034512390000000,0.000061746070182
34,345,346,70000,-0.083593182602000,1516,-77.455100999999999,169.238303000000000,24268,24269,0.008878240000000,0.000063031417778
35,348,349,70080,-0.161578944821000,1617,-77.455179000000001,169.241367000000000,24374,24375,0.074724570000000,0.000034116106273
36,52,53,45967,-0.140033333081000,1617,-77.455325999999999,169.246018999999990,24485,24486,-0.096154360000000,0.000028332301453
37,206,207,50494,-0.006801858102580,1718,-77.454592000000005,169.229811000000010,24727,24728,-0.003615620000000,0.000012167413083
38,325,326,69763,0.158273419852000,1617,-77.455236999999997,169.246348000000010,24800,24801,-0.078346760000000,0.000032413190131
39,109,110,47679,0.147972734008000,1617,-77.454787999999994,169.236757000000010,25163,25164,-0.002988480000000,0.000027414512468
40,87,88,46645,-0.120242345920000,1617,-77.454908000000003,169.239958000000000,25220,25221,-0.010945500000000,0.000014740210534
41,195,196,50292,-0.035186074159000,1718,-77.454502000000005,169.230775999999990,25258,25259,-0.008147810000000,0.000036626597989
42,427,428,71190,-0.082215669725200,1617,-77.454936000000004,169.241749000000000,25461,25462,0.012601230000000,0.000042813681750
43,152,153,49455,-0.057888686178100,1718,-77.454644999999999,169.236740999999990,25562,25563,-0.002715540000000,0.000018159070575
44,50,51,45179,0.083955132925700,1617,-77.454549000000000,169.236214999999990,25698,25699,0.018853810000000,0.000027891970941
45,132,133,48883,-0.206935115594000,1718,-77.454566999999997,169.236106000000010,25743,25744,-0.026910080000000,0.000031682199738
46,133,134,48930,-0.049784672180000,1718,-77.454487999999998,169.235598000000010,25829,25830,-0.019993320000000,0.000020545913834
47,308,309,69406,0.150015411569000,1617,-77.454470000000001,169.236137000000010,25917,25918,-0.023707710000000,0.000009036766326
48,286,287,62194,0.161918830994000,1415,-77.454391999999999,169.235254000000000,26024,26025,-0.022080920000000,0.000019230735860
49,127,128,48803,-0.085669293126900,1718,-77.453997999999999,169.225401000000010,26036,26037,0.036441070000000,0.000004444736816
50,101,102,47062,0.168077174236000,1617,-77.454559000000003,169.238069999999990,26073,26074,-0.009072650000000,0.000059024929785
51,75,76,46435,-0.111320211440000,1617,-77.454419000000001,169.236278000000000,26077,26078,0.013208070000000,0.000009454170493
52,482,483,71949,0.195089497156000,1718,-77.454487999999998,169.237919000000010,26131,26132,-0.009124220000000,0.000096889582834
53,385,386,70594,-0.060623067357900,1516,-77.454374000000001,169.235474000000010,26138,26139,-0.032352350000000,0.000008850772055
54,311,312,69515,-0.072354636160200,1415,-77.454556999999994,169.240022000000010,26233,26234,-0.043452480000000,0.000031246516517
55,285,286,62189,-0.096780069198300,1718,-77.454728000000003,169.244981999999990,26268,26269,-0.069958370000000,0.000018469430728
56,277,278,62126,0.100976588591000,1415,-77.453914999999995,169.224856999999990,26321,26322,0.002369320000000,0.000053502160855
57,367,368,70391,-0.060623067357900,1516,-77.454346999999999,169.239380000000010,26644,26645,0.000722330000000,0.000025267525373
58,357,358,70262,0.013577768058200,1718,-77.454460999999995,169.241928000000000,26687,26688,-0.062832380000000,0.000054315741947
59,221,222,50899,0.134090213560000,1415,-77.454390000000004,169.240696000000010,26692,26693,-0.047825460000000,0.000031081296761
60,279,280,62153,0.191303673155000,1718,-77.454440000000005,169.241750999999990,26746,26747,-0.058318560000000,0.000027874004886
61,208,209,50538,0.087559689140800,1617,-77.453496999999999,169.220059999999990,26982,26983,0.062978860000000,0.000019749008208
62,369,370,70437,0.177662808419000,1718,-77.454060999999996,169.234322999999990,27031,27032,-0.024562130000000,0.000024998141182
63,459,460,71595,-0.068241674131700,1617,-77.454199000000003,169.239019000000010,27079,27080,-0.046420460000000,0.000028571395638
64,158,159,49632,0.026359946698900,1415,-77.454295000000002,169.241075999999990,27118,27119,-0.034641700000000,0.000004272997095
65,426,427,71164,0.190254613171000,1718,-77.454071999999996,169.236206000000010,27143,27144,-0.056749100000000,0.000026729003965
66,23,24,32509,-0.147690257379000,1617,-77.453554999999994,169.223429000000010,27191,27192,0.042412560000000,0.000025114653423
67,83,84,46604,0.094794542891800,1516,-77.454081000000002,169.238217999999990,27208,27209,-0.020837130000000,0.000087419472802
68,414,415,70994,0.034640451374100,1718,-77.454108000000005,169.238226000000000,27208,27209,-0.020837130000000,0.000081954809832
69,172,173,49954,0.310464763249000,1415,-77.454212999999996,169.241007999999990,27240,27241,-0.028774070000000,0.000041273531528
70,393,394,70712,0.114532284500000,1617,-77.454106999999993,169.237648000000010,27253,27254,-0.002353680000000,0.000025063883037
71,251,252,51326,0.010390538714600,1617,-77.453755999999998,169.228563000000010,27270,27271,-0.041776970000000,0.000045198199760
72,243,244,51165,-0.028881285700700,1516,-77.454120000000003,169.239426000000010,27363,27364,-0.060040340000000,0.000011288693857
73,110,111,47764,0.195183550474000,1718,-77.453722999999997,169.229094000000000,27383,27384,-0.051866450000000,0.000036697838055
74,116,117,48221,-0.251972477234000,1718,-77.454139999999995,169.240321999999990,27421,27422,-0.009795470000000,0.000029540535962
75,147,148,49336,0.141959908389000,1415,-77.453672999999995,169.229231000000000,27449,27450,-0.052132770000000,0.000022442400408
76,342,343,69936,0.207831861850000,1718,-77.453671000000000,169.229142000000000,27450,27451,-0.051711340000000,0.000025882042991
77,51,52,45903,-0.118733892990000,1718,-77.454035000000005,169.237668000000010,27509,27510,-0.010286550000000,0.000022867834468
78,263,264,62004,-0.170787631676000,1415,-77.453999999999994,169.237505000000000,27581,27582,-0.013179880000000,0.000005531057474
79,108,109,47616,0.036868253906400,1415,-77.453733000000000,169.229609000000010,27598,27599,-0.064949630000000,0.000063822614208
80,45,46,44510,0.087275046889500,1516,-77.453590000000005,169.227748999999990,27687,27688,-0.038376880000000,0.000027135373869
81,202,203,50406,0.088891726770700,1617,-77.453202000000005,169.219071000000010,27692,27693,0.047303160000000,0.000023884800276
82,254,255,51416,-0.070290508862500,1617,-77.453581999999997,169.229250000000010,27738,27739,-0.053309160000000,0.000043290060596
83,131,132,48882,-0.158030187297000,1516,-77.453575000000001,169.228017999999990,27742,27743,-0.022051320000000,0.000029470906786
84,86,87,46641,-0.123553942593000,1718,-77.453571999999994,169.228620000000010,27866,27867,-0.039174970000000,0.000036912494677
85,180,181,50028,0.093023432746900,1516,-77.453975999999997,169.239183999999990,27891,27892,-0.042675930000000,0.000034391090529
86,6,7,32026,0.253859552499000,1516,-77.453473000000002,169.228897999999990,27979,27980,-0.036890630000000,0.000075382067405
87,497,498,72089,-0.068241674131700,1617,-77.453828000000001,169.236132000000000,28023,28024,-0.049659490000000,0.000061835660351
88,159,160,49646,-0.011046054575500,1415,-77.453524000000002,169.236199000000000,28159,28160,-0.047769220000000,0.000179885402343
89,96,97,46856,-0.202927489248000,1617,-77.453771000000003,169.236608999999990,28224,28225,-0.009482240000000,0.000094297185137
90,97,98,46872,-0.096108042080100,1516,-77.453627999999995,169.235497000000010,28228,28229,-0.027261770000000,0.000019544249164
91,53,54,45981,-0.018733892990100,1718,-77.453658000000004,169.235186000000000,28232,28233,-0.040932880000000,0.000035797293558
92,140,141,49184,0.048722820490400,1415,-77.453343000000004,169.228434999999990,28240,28241,-0.028842820000000,0.000005321982040
93,211,212,50607,0.143798096582000,1415,-77.453789000000000,169.239531000000000,28310,28311,-0.050831330000000,0.000051391177232
94,104,105,47226,-0.015554506799800,1718,-77.453342000000006,169.229257999999990,28394,28395,0.021136080000000,0.000037287313798
95,85,86,46640,0.151235735845000,1617,-77.453238999999996,169.228703000000000,28454,28455,-0.016767230000000,0.000053326314395
96,230,231,50990,-0.146894660628000,1617,-77.453655999999995,169.237958999999990,28472,28473,-0.018797720000000,0.000064105787008
97,164,165,49826,-0.112072970954000,1516,-77.453541000000001,169.235111999999990,28483,28484,-0.043298380000000,0.000019483164524
98,123,124,48613,0.256684897534000,1415,-77.453271000000001,169.229194000000010,28498,28499,0.018340360000000,0.000020163102881
99,148,149,49347,-0.112072970954000,1516,-77.453272999999996,169.229659000000000,28547,28548,-0.033117210000000,0.000028935793221
100,90,91,46715,-0.235810242130000,1415,-77.453271000000001,169.229270000000010,28549,28550,-0.034218480000000,0.000006205401988
101,241,242,51089,0.209882281448000,1617,-77.453586000000001,169.237673000000000,28577,28578,-0.050011260000000,0.000012523044486
102,185,186,50100,-0.001120989822280,1617,-77.453318999999993,169.229870000000010,28660,28661,-0.037475630000000,0.000065222630922
103,321,322,69692,0.033188626124300,1718,-77.453030999999996,169.225156000000000,28788,28789,0.000676510000000,0.000097152357390
104,490,491,72018,0.133883863743000,1718,-77.453326000000004,169.231605000000000,28829,28830,0.012256840000000,0.000064786362383
105,302,303,69287,0.111155735688000,1718,-77.453227999999996,169.231421000000010,28894,28895,0.019936330000000,0.000016994716749
106,378,379,70529,0.199478079905000,1718,-77.453253000000004,169.231349999999990,28895,28896,0.019854420000000,0.000013939898243
107,118,119,48326,-0.014508008860000,1718,-77.453228999999993,169.231137999999990,28897,28898,0.021670720000000,0.000040523176580
108,440,441,71404,0.475619883476000,1718,-77.453153999999998,169.231103999999990,28897,28898,0.021670720000000,0.000109334628485
109,134,135,48970,0.264552567728000,1415,-77.453093999999993,169.227854000000010,28966,28967,-0.004831400000000,0.000036967311114
110,205,206,50448,-0.136631929517000,1718,-77.452917999999997,169.223465000000000,28974,28975,0.045669790000000,0.000021540155880
111,119,120,48379,-0.167300026550000,1415,-77.453354000000004,169.234993000000000,29024,29025,-0.042033860000000,0.000001073699536
112,305,306,69361,-0.103443451346000,1415,-77.452928999999997,169.224644000000010,29033,29034,0.020238180000000,0.000015464465124
113,190,191,50198,0.212816182359000,1516,-77.453372000000002,169.235120999999990,29084,29085,-0.041799100000000,0.000043239899582
114,181,182,50029,-0.081434780429900,1617,-77.453452999999996,169.237992999999990,29131,29132,-0.098185550000000,0.000013295539701
115,424,425,71145,0.068977827614600,1718,-77.453445000000002,169.237959999999990,29131,29132,-0.098185550000000,0.000026504206819
116,361,362,70313,0.068977827614600,1718,-77.453434000000001,169.237799999999990,29133,29134,-0.082834320000000,0.000021759952398
117,33,34,43318,0.052200254761700,1617,-77.453445000000002,169.238189000000010,29194,29195,-0.102703870000000,0.000026844750020
118,93,94,46792,0.005930407266300,1415,-77.453373999999997,169.237017000000010,29208,29209,-0.013248150000000,0.000009160457009
119,415,416,70996,0.211864519109000,1718,-77.453323999999995,169.235051000000000,29214,29215,-0.010638010000000,0.000025024544260
120,494,495,72069,-0.068241674131700,1617,-77.453314000000006,169.234806999999990,29217,29218,-0.020347410000000,0.000026492719760
121,106,107,47515,0.177130383426000,1718,-77.453213000000005,169.234568999999990,29219,29220,-0.012627720000000,0.000093280241998
122,155,156,49528,0.142111313822000,1718,-77.453171999999995,169.232052000000010,29220,29221,-0.028251940000000,0.000027886079385
123,204,205,50416,0.228728778475000,1718,-77.453074000000001,169.229615999999990,29225,29226,0.028823110000000,0.000005633834169
124,57,58,46085,-0.050644721897400,1617,-77.452860999999999,169.224238000000010,29228,29229,0.041778480000000,0.000026912590132
125,244,245,51182,-0.123741764489000,1516,-77.453151000000005,169.232329999999990,29299,29300,-0.051293710000000,0.000023272559879
126,318,319,69609,-0.152428856145000,1617,-77.453153000000000,169.232080999999990,29302,29303,-0.039627720000000,0.000015858827172
127,65,66,46249,0.192636790594000,1718,-77.453147000000001,169.232018000000010,29303,29304,-0.038739270000000,0.000012056243493
128,16,17,32324,-0.101826620486000,1415,-77.453075999999996,169.229943999999990,29307,29308,0.007379620000000,0.000012341478460
129,121,122,48431,0.100727448613000,1718,-77.453068000000002,169.229963000000000,29307,29308,0.007379620000000,0.000008512553195
130,248,249,51234,0.162233906975000,1617,-77.453100000000006,169.229875999999990,29308,29309,0.030239680000000,0.000030819452995
131,299,300,69258,0.154737976586000,1718,-77.453076999999993,169.229378000000000,29314,29315,0.006818370000000,0.000028206033491
132,255,256,51481,0.183463628495000,1516,-77.452990000000000,169.227361000000000,29315,29316,0.001245670000000,0.000045637043726
133,25,26,41336,0.033691398753100,1617,-77.452911000000000,169.226338000000000,29318,29319,0.031903500000000,0.000012127849509
134,451,452,71497,0.195089497156000,1718,-77.453360000000004,169.237744999999990,29372,29373,-0.050376040000000,0.000043303714449
135,271,272,62092,-0.154491664866000,1516,-77.453363999999993,169.237596999999990,29373,29374,-0.030608360000000,0.000025808216130
136,429,430,71220,-0.116116136257000,1718,-77.453175000000002,169.232446000000010,29389,29390,-0.052089310000000,0.000019386544906
137,394,395,70723,-0.165359548626000,1718,-77.453137999999996,169.231795000000010,29397,29398,-0.032632280000000,0.000016111915036
138,245,246,51191,-0.170787631676000,1415,-77.453038000000006,169.229638999999990,29411,29412,0.022068520000000,0.000004734748921
139,384,385,70593,0.177662808419000,1718,-77.453361999999998,169.238192000000000,29462,29463,-0.104569030000000,0.000025988664180
140,32,33,42853,0.065073099299200,1415,-77.453096000000002,169.232020000000010,29484,29485,-0.026425870000000,0.000035107754270
141,151,152,49420,-0.082997177566200,1617,-77.453001000000000,169.231814000000010,29487,29488,-0.023959490000000,0.000112034065946
142,328,329,69785,0.099323638986300,1617,-77.453177999999994,169.230503000000000,29490,29491,0.001983160000000,0.000122714183826
143,143,144,49234,-0.073160883036400,1617,-77.453073000000003,169.230375000000010,29491,29492,0.002181350000000,0.000030250986196
144,72,73,46335,-0.098157549372000,1516,-77.453076999999993,169.230351000000010,29492,29493,0.003787410000000,0.000043714223249
145,475,476,71817,0.094281653482700,1718,-77.453298000000004,169.236687999999990,29556,29557,-0.015892920000000,0.000022315346122
146,434,435,71322,-0.068241674131700,1617,-77.453290999999993,169.237153000000010,29615,29616,-0.017307560000000,0.000022965313743
147,160,161,49670,-0.175731374515000,1617,-77.453117000000006,169.232969999999990,29625,29626,-0.018268080000000,0.000011823047028
148,334,335,69871,0.260978697173000,1415,-77.453128000000007,169.232799000000000,29627,29628,-0.017746190000000,0.000019807958130
149,196,197,50328,-0.018542813611500,1415,-77.453097999999997,169.232720000000000,29628,29629,-0.015098870000000,0.000020160026545
150,42,43,44352,0.005483462798620,1718,-77.453084000000004,169.232295999999990,29633,29634,-0.001771860000000,0.000028565063819
151,297,298,69244,0.072239960484000,1617,-77.453024999999997,169.230353000000010,29643,29644,0.006703060000000,0.000011609297749
152,49,50,45151,0.297460467431000,1415,-77.453362999999996,169.239319999999990,29676,29677,-0.036532540000000,0.000010622374149
153,351,352,70189,0.101254816309000,1516,-77.453294999999997,169.237371000000000,29681,29682,-0.031869300000000,0.000018138165897
154,469,470,71762,0.133883863743000,1718,-77.453255999999996,169.236860000000010,29687,29688,-0.017416710000000,0.000009594275729
155,183,184,50034,0.072210344948600,1617,-77.453245999999993,169.236683000000000,29689,29690,-0.019068900000000,0.000019046405539
156,201,202,50399,-0.032635386044300,1617,-77.453066000000007,169.232091000000000,29705,29706,0.001632280000000,0.000002325125527
157,402,403,70814,-0.082215669725200,1617,-77.453018999999998,169.231186000000010,29710,29711,0.031716910000000,0.000011897726463
158,390,391,70684,0.011864519109200,1718,-77.453344999999999,169.239330000000000,29753,29754,-0.022115310000000,0.000015963161803
159,161,162,49768,-0.300115532621000,1617,-77.453389000000001,169.239105999999990,29756,29757,-0.035722770000000,0.000050266816804
160,468,469,71722,0.060262532817500,1718,-77.453265000000002,169.237229000000010,29758,29759,-0.017795370000000,0.000022857729982
161,337,338,69893,-0.098162588834100,1516,-77.453181000000001,169.234449000000010,29769,29770,-0.068930300000000,0.000053001696381
162,400,401,70796,0.443016634907000,1415,-77.453084000000004,169.233073999999990,29774,29775,-0.021506010000000,0.000020678741072
163,332,333,69847,0.010512079162800,1718,-77.453050000000005,169.232429999999990,29782,29783,-0.001097440000000,0.000014982641234
164,115,116,48188,-0.151423204937000,1516,-77.453056000000004,169.232047999999990,29787,29788,0.002948550000000,0.000025629534374
165,219,220,50842,-0.194808159586000,1617,-77.452995999999999,169.231354000000010,29789,29790,0.030924830000000,0.000026633959130
166,8,9,32107,0.020553939254100,1617,-77.453335999999993,169.239575000000000,29830,29831,-0.050764850000000,0.000049575555894
167,371,372,70447,0.034640451374100,1718,-77.453305000000000,169.239585000000010,29830,29831,-0.050764850000000,0.000068249649401
168,224,225,50931,-0.127275538119000,1718,-77.453112000000004,169.234266999999990,29856,29857,-0.024874390000000,0.000010936194372
169,362,363,70333,-0.017184651979500,1718,-77.453145000000006,169.234282000000010,29856,29857,-0.024874390000000,0.000032163123986
170,413,414,70959,-0.060623067357900,1516,-77.453100000000006,169.233858000000000,29861,29862,-0.020254980000000,0.000009481069278
171,491,492,72034,-0.048503224846500,1516,-77.453149999999994,169.233807000000010,29861,29862,-0.020254980000000,0.000062593696472
172,28,29,41854,0.160166899174000,1718,-77.453119000000001,169.233295000000000,29863,29864,-0.022407300000000,0.000044395580732
173,410,411,70908,0.053577016806700,1718,-77.453046999999998,169.232381000000000,29874,29875,0.000873710000000,0.000013035172266
174,1,2,31884,-0.071713659522300,1718,-77.453011000000004,169.231520999999990,29879,29880,0.030724760000000,0.000025182934247
175,139,140,49113,-0.113747006845000,1415,-77.453014999999994,169.231409000000010,29881,29882,0.030792900000000,0.000030385920181
176,212,213,50625,0.023615646672500,1718,-77.453017000000003,169.230860000000010,29885,29886,0.000094510000000,0.000045182413376
177,306,307,69374,0.099323638986300,1617,-77.453181000000001,169.236719999999990,29926,29927,-0.023349260000000,0.000034062738428
178,95,96,46821,-0.276718538883000,1617,-77.453165999999996,169.234996999999990,29935,29936,-0.081593570000000,0.000037872090580
179,107,108,47594,0.306540223759000,1617,-77.453091000000001,169.234440000000010,29939,29940,-0.011786150000000,0.000018862672626
180,167,168,49869,0.117617667364000,1718,-77.453095000000005,169.234348000000010,29940,29941,-0.010912290000000,0.000015584752987
181,125,126,48718,0.041324342853800,1516,-77.453048999999993,169.233026000000000,29952,29953,-0.018030340000000,0.000016688905477
182,320,321,69665,-0.077814140904000,1516,-77.453047999999995,169.232642000000000,29956,29957,-0.002248500000000,0.000016914253634
183,136,137,49012,0.129091861116000,1718,-77.453019999999995,169.232338000000000,29960,29961,0.002132660000000,0.000035965320690
184,246,247,51213,0.220185775850000,1718,-77.452968999999996,169.231451999999990,29962,29963,0.030413840000000,0.000033097990550
185,156,157,49575,0.189504383042000,1516,-77.452955000000003,169.231415000000000,29963,29964,0.030440460000000,0.000034080739420
186,355,356,70235,0.011864519109200,1718,-77.453117000000006,169.234767000000010,30024,30025,-0.005808010000000,0.000021770496067
187,406,407,70863,0.199454490044000,1617,-77.453106000000005,169.234751999999990,30024,30025,-0.005808010000000,0.000033527359038
188,374,375,70482,-0.131022172385000,1718,-77.453078000000005,169.234284000000000,30027,30028,-0.023094250000000,0.000010711785377
189,386,387,70600,0.034640451374100,1718,-77.453091999999998,169.234145000000010,30029,30030,-0.021208260000000,0.000022230609439
190,333,334,69857,-0.030769418334100,1718,-77.453095000000005,169.233899000000010,30032,30033,-0.006750740000000,0.000032498450408
191,36,37,43655,0.019542653552800,1718,-77.453120999999996,169.233752000000010,30034,30035,-0.013558140000000,0.000069579978094
192,322,323,69714,-0.077814140904000,1516,-77.453061000000005,169.233718000000010,30034,30035,-0.013558140000000,0.000001905133716
193,323,324,69757,-0.146414189064000,1617,-77.453075999999996,169.233746999999990,30034,30035,-0.013558140000000,0.000034155982198
194,419,420,71053,-0.082215669725200,1617,-77.453038000000006,169.233616000000010,30035,30036,-0.030202550000000,0.000026805271997
195,480,481,71925,-0.068241674131700,1617,-77.453086999999996,169.233616000000010,30035,30036,-0.030202550000000,0.000034083553671
196,448,449,71477,0.195089497156000,1718,-77.453057000000001,169.233490999999990,30037,30038,-0.026331610000000,0.000022417909745
197,399,400,70770,0.096498737107400,1718,-77.453006000000002,169.233032000000010,30042,30043,-0.015091120000000,0.000038377667842
198,398,399,70766,-0.131022172385000,1718,-77.453018999999998,169.232869999999990,30044,30045,-0.007655490000000,0.000024977826818
199,43,44,44403,-0.178679633442000,1617,-77.453023999999999,169.232589999999990,30047,30048,0.001739780000000,0.000027480215097
200,340,341,69925,-0.041945299024800,1718,-77.453092999999996,169.234997999999990,30113,30114,-0.025546710000000,0.000032346906515
201,421,422,71091,-0.165359548626000,1718,-77.453159999999997,169.234685000000010,30116,30117,-0.017838930000000,0.000082955951825
202,442,443,71426,-0.098416276162600,1617,-77.453063999999998,169.234163999999990,30119,30120,-0.019612860000000,0.000021213783318
203,176,177,49995,-0.063878581724600,1415,-77.453052999999997,169.233901000000000,30122,30123,-0.007126940000000,0.000005424570676
204,389,390,70670,0.202641052375000,1718,-77.453021000000007,169.233627000000010,30125,30126,-0.048437630000000,0.000029525616783
205,383,384,70568,-0.082215669725200,1617,-77.453028000000003,169.233467999999990,30127,30128,-0.031363570000000,0.000017801493914
206,329,330,69811,-0.120087772535000,1516,-77.453033000000005,169.233262000000000,30130,30131,-0.018809090000000,0.000025763431150
207,291,292,62327,-0.024707954717900,1718,-77.452993000000006,169.232435000000010,30134,30135,-0.052654210000000,0.000019774065132
208,477,478,71903,-0.077495992949600,1617,-77.453075999999996,169.235177999999990,30197,30198,-0.035816380000000,0.000032992484833
209,184,185,50054,0.310464763249000,1415,-77.453035000000000,169.234151999999990,30204,30205,-0.019672230000000,0.000010159350683
210,327,328,69773,0.379912227465000,1516,-77.453005000000005,169.234095000000000,30205,30206,-0.019716200000000,0.000038921731477
211,382,383,70551,0.068977827614600,1718,-77.453047999999995,169.234100000000010,30205,30206,-0.019716200000000,0.000025125293539
212,240,241,51069,0.190028200663000,1617,-77.453012000000001,169.233820000000010,30207,30208,-0.041688480000000,0.000019582215112
213,34,35,43522,0.098904113228900,1718,-77.453006000000002,169.233398999999990,30212,30213,-0.028374440000000,0.000020291221058
214,265,266,62026,-0.142991918578000,1415,-77.452941999999993,169.231519999999990,30215,30216,-0.009594530000000,0.000010371534778
215,191,192,50223,-0.037440310859200,1617,-77.453036999999995,169.234649999999990,30285,30286,-0.001811510000000,0.000019684755389
216,473,474,71808,0.133883863743000,1718,-77.453035999999997,169.234658999999990,30285,30286,-0.001811510000000,0.000012772432944
217,388,389,70662,0.272710265975000,1516,-77.452990000000000,169.233189000000010,30296,30297,-0.003980000000000,0.000006296901094
218,346,347,70054,0.129912227465000,1516,-77.452887000000004,169.230382999999990,30299,30300,0.015989130000000,0.000020059779700
219,487,488,72001,0.265091659202000,1617,-77.453074000000001,169.235930000000000,30355,30356,-0.019572490000000,0.000013219356075
220,187,188,50131,0.219172539281000,1516,-77.453062000000003,169.234941999999990,30359,30360,-0.017866280000000,0.000027168103019
221,27,28,41617,0.089633900028900,1516,-77.452954000000005,169.233785000000010,30366,30367,-0.016665760000000,0.000036422342925
222,3,4,31977,0.187036258517000,1718,-77.452973999999998,169.233216000000000,30373,30374,-0.000198440000000,0.000015325990900
223,313,314,69529,-0.100676361014000,1617,-77.452978000000002,169.233224000000010,30373,30374,-0.000198440000000,0.000024252416739
224,89,90,46680,0.049959966406000,1617,-77.452921000000003,169.231585000000000,30376,30377,-0.003374050000000,0.000035646872550
225,235,236,51001,0.016001114923800,1617,-77.453062000000003,169.236178999999990,30435,30436,-0.020017040000000,0.000008607603269
226,154,155,49494,-0.152755948405000,1617,-77.453074999999998,169.235952999999990,30438,30439,-0.020939480000000,0.000024687421642
227,338,339,69898,-0.127760039516000,1617,-77.453040000000001,169.235419000000010,30443,30444,-0.031541030000000,0.000020551633483
228,512,513,73076,-0.053983329046600,1617,-77.453018999999998,169.234410000000000,30450,30451,-0.044936010000000,0.000046820999497
229,188,189,50171,0.006506556253090,1718,-77.452956000000000,169.233571000000010,30452,30453,-0.014337700000000,0.000024145492258
230,193,194,50236,0.171063401859000,1415,-77.452945000000000,169.233510999999990,30452,30453,-0.014337700000000,0.000040236553419
231,350,351,70164,0.247571143855000,1617,-77.452899000000002,169.233521000000000,30452,30453,-0.014337700000000,0.000068186140184
232,198,199,50346,0.044200517432200,1415,-77.452898000000005,169.233440000000000,30453,30454,-0.013055220000000,0.000065486078539
233,68,69,46311,0.042287629965600,1718,-77.452927000000003,169.233336000000010,30455,30456,-0.008134920000000,0.000042960350932
234,168,169,49877,0.284801127620000,1415,-77.452948000000006,169.232762000000010,30458,30459,-0.047086090000000,0.000042182781774
235,249,250,51242,-0.149965415672000,1718,-77.452879999999993,169.231416000000000,30462,30463,0.016843900000000,0.000009744816654
236,307,308,69380,-0.127760039516000,1617,-77.452900999999997,169.231433000000010,30462,30463,0.016843900000000,0.000036684931954
237,301,302,69286,-0.081851397214300,1718,-77.452844999999996,169.230218000000010,30466,30467,0.015828710000000,0.000043644251590
238,401,402,70807,0.167784330275000,1617,-77.452984999999998,169.234779000000000,30522,30523,-0.003167670000000,0.000020639669783
239,376,377,70500,0.034640451374100,1718,-77.452978999999999,169.234581999999990,30525,30526,-0.061082870000000,0.000032186509956
240,236,237,51052,-0.027556679297900,1617,-77.452929999999995,169.233134000000010,30529,30530,-0.024681700000000,0.000018166590715
241,396,397,70744,0.237414377152000,1617,-77.452956999999998,169.233150999999990,30529,30530,-0.024681700000000,0.000030085674643
242,425,426,71161,0.139314414944000,1617,-77.453023999999999,169.236450999999990,30570,30571,-0.021357780000000,0.000022126849419
243,461,462,71608,-0.068241674131700,1617,-77.453045000000003,169.236471999999990,30570,30571,-0.021357780000000,0.000014037696755
244,509,510,72884,-0.053983329046600,1617,-77.452979999999997,169.235789000000010,30578,30579,-0.026241510000000,0.000039348297473
245,445,446,71462,0.071650701959600,1718,-77.452974999999995,169.233984999999990,30586,30587,0.016232470000000,0.000032367817074
246,315,316,69550,-0.077814140904000,1516,-77.452865000000003,169.232633999999990,30590,30591,0.023843460000000,0.000046464131158
247,380,381,70544,0.034640451374100,1718,-77.452905999999999,169.232403000000010,30592,30593,0.020698360000000,0.000036673041015
248,88,89,46678,-0.052451066488400,1718,-77.452916999999999,169.232260999999990,30594,30595,0.019734290000000,0.000045373351652
249,365,366,70354,0.068977827614600,1718,-77.452841000000006,169.231319000000010,30595,30596,0.005669230000000,0.000039429990598
250,182,183,50030,0.117617667364000,1718,-77.452807000000007,169.230685999999990,30597,30598,0.014637650000000,0.000013783638184
251,336,337,69892,-0.077814140904000,1516,-77.453096000000002,169.237865000000000,30626,30627,-0.045733030000000,0.000013153165527
252,145,146,49279,-0.026748756934200,1516,-77.453019999999995,169.236078999999990,30637,30638,-0.022591830000000,0.000019400259655
253,366,367,70374,0.034640451374100,1718,-77.452916000000002,169.234165999999990,30642,30643,0.013425750000000,0.000016536014985
254,444,445,71439,0.094281653482700,1718,-77.452916000000002,169.234237000000010,30642,30643,0.013425750000000,0.000068578880145
255,489,490,72004,-0.155718346517000,1718,-77.452940999999996,169.234169000000010,30642,30643,0.013425750000000,0.000009128161172
256,276,277,62117,-0.008408603187420,1718,-77.452865000000003,169.232531999999990,30648,30649,0.021120320000000,0.000006958503913
257,495,496,72079,0.133883863743000,1718,-77.452814000000004,169.231100000000000,30656,30657,-0.005673480000000,0.000027839087228
258,430,431,71246,-0.068241674131700,1617,-77.452828999999994,169.230921999999990,30658,30659,0.010759880000000,0.000049933011271
259,216,217,50761,0.339839889586000,1718,-77.452758000000003,169.230223999999990,30664,30665,-0.014759000000000,0.000010991415336
260,303,304,69298,-0.098162588834100,1516,-77.452685000000002,169.228926000000000,30668,30669,0.031904660000000,0.000035673738476
261,227,228,50976,0.191303673155000,1718,-77.453011000000004,169.236318000000010,30692,30693,-0.030137770000000,0.000010869054459
262,360,361,70306,0.002641052375310,1718,-77.452979999999997,169.234913000000010,30697,30698,-0.021566950000000,0.000037736903638
263,417,418,71030,0.190254613171000,1718,-77.452946999999995,169.234782000000000,30699,30700,-0.022043690000000,0.000022193478758
264,35,36,43575,0.005922081161550,1718,-77.452904000000004,169.233307999999990,30703,30704,-0.005926070000000,0.000038332452699
265,40,41,44317,0.141023805625000,1415,-77.452849999999998,169.232381000000000,30706,30707,0.016776530000000,0.000011704442565
266,312,313,69524,-0.112559590936000,1617,-77.452791000000005,169.231528999999990,30709,30710,0.005522760000000,0.000028507983717
267,472,473,71801,0.133883863743000,1718,-77.452822999999995,169.231520999999990,30709,30710,0.005522760000000,0.000037140168099
268,310,311,69482,0.055961202139900,1617,-77.452843000000001,169.231459000000000,30710,30711,0.005110760000000,0.000042919875439
269,71,72,46334,-0.098764264155200,1617,-77.452787000000001,169.231123000000000,30714,30715,0.006636840000000,0.000019409545439
270,454,455,71528,-0.191046783191000,1718,-77.453017000000003,169.237561000000000,30742,30743,-0.025998640000000,0.000022808557949
271,169,170,49898,0.282579799540000,1516,-77.452996999999996,169.236436000000000,30746,30747,-0.030226020000000,0.000016142594846
272,171,172,49945,-0.145430370574000,1516,-77.453006999999999,169.236443000000010,30746,30747,-0.030226020000000,0.000027882702936
273,38,39,43907,-0.033915477151700,1718,-77.452900999999997,169.234048000000000,30753,30754,0.012356650000000,0.000015927846756
274,405,406,70862,-0.153501262893000,1718,-77.452843999999999,169.233192000000000,30757,30758,-0.003647850000000,0.000025211694943
275,54,55,45983,-0.065567462243700,1617,-77.452759000000000,169.231466000000010,30761,30762,0.005034080000000,0.000032703296219
276,492,493,72054,-0.068241674131700,1617,-77.453018999999998,169.237576999999990,30787,30788,-0.028567200000000,0.000012976031951
277,391,392,70685,-0.165359548626000,1718,-77.452940999999996,169.236171000000010,30794,30795,-0.020956010000000,0.000027865170559
278,252,253,51348,-0.146894660628000,1617,-77.452723000000006,169.229952000000000,30809,30810,-0.032769610000000,0.000024674186296
279,149,150,49389,0.139225044656000,1617,-77.452690000000004,169.229689000000010,30812,30813,-0.003734480000000,0.000004243446878
280,344,345,69982,-0.146414189064000,1617,-77.452946999999995,169.236447000000000,30829,30830,-0.054424780000000,0.000008647247826
281,470,471,71783,0.071650701959600,1718,-77.452929999999995,169.236116000000010,30833,30834,-0.019876020000000,0.000012360805328
282,506,507,72792,0.231575023743000,1718,-77.452950999999999,169.235891000000010,30834,30835,-0.017777640000000,0.000026007686305
283,79,80,46536,-0.114069227884000,1516,-77.452923999999996,169.235772000000000,30835,30836,-0.016236170000000,0.000023829522454
284,232,233,50995,0.207983411738000,1718,-77.452916000000002,169.235643000000010,30837,30838,-0.016591640000000,0.000011925890026
285,510,511,73014,0.231575023743000,1718,-77.452967000000001,169.235481999999990,30839,30840,-0.018833920000000,0.000057607483146
286,335,336,69876,-0.011928690080600,1718,-77.452867999999995,169.233374000000000,30843,30844,0.027903130000000,0.000055142467844
287,197,198,50332,-0.326274976333000,1718,-77.452826999999999,169.233337000000010,30844,30845,0.003906260000000,0.000009803163450
288,387,388,70622,-0.082215669725200,1617,-77.452814000000004,169.233223000000010,30845,30846,-0.000059470000000,0.000023455615246
289,247,248,51218,0.319506837725000,1415,-77.452764999999999,169.231458000000000,30852,30853,-0.007785310000000,0.000029756389048
290,209,210,50562,-0.141040133940000,1617,-77.452752000000004,169.231279000000000,30854,30855,0.008390450000000,0.000015781600235
291,496,497,72080,0.195089497156000,1718,-77.452926000000005,169.236392000000000,30877,30878,-0.032534240000000,0.000006847842689
292,163,164,49818,-0.039845719195500,1617,-77.452910000000003,169.236288000000000,30878,30879,-0.023640340000000,0.000024440023550
293,98,99,46907,-0.075924986445400,1718,-77.452924999999993,169.235971000000010,30882,30883,-0.018316770000000,0.000012107208789
294,358,359,70269,0.068977827614600,1718,-77.452905999999999,169.235724000000000,30885,30886,-0.015854750000000,0.000005647502004
295,423,424,71126,0.123831365939000,1617,-77.452889999999996,169.235700000000010,30885,30886,-0.015854750000000,0.000032267747843
296,4,5,31979,0.151805169675000,1617,-77.452799999999996,169.233036000000000,30900,30901,0.042436650000000,0.000061089210904
297,2,3,31948,0.003112517135700,1718,-77.452744999999993,169.232251999999990,30902,30903,-0.023063360000000,0.000027447795225
298,192,193,50229,-0.087308416130300,1718,-77.452714999999998,169.231230000000010,30909,30910,0.010048570000000,0.000025119222759
299,501,502,72148,0.142286550142000,1718,-77.452680999999998,169.229531000000010,30914,30915,0.021400670000000,0.000043198328179
300,499,500,72126,0.133883863743000,1718,-77.452926000000005,169.236414000000000,30935,30936,-0.039178720000000,0.000017034261413
301,76,77,46449,0.024994259889500,1415,-77.452910000000003,169.236254000000000,30937,30938,-0.020282140000000,0.000016052440188
302,364,365,70349,-0.131022172385000,1718,-77.452926000000005,169.236168999999990,30938,30939,-0.017181650000000,0.000026464212716
303,443,444,71438,-0.116116136257000,1718,-77.452884999999995,169.235270000000010,30949,30950,-0.017679020000000,0.000027044987238
304,428,429,71203,0.265091659202000,1617,-77.452838999999997,169.234658000000000,30950,30951,-0.038107910000000,0.000017656098192
305,77,78,46478,-0.003901607651620,1718,-77.452822999999995,169.234506000000010,30952,30953,-0.038196170000000,0.000012886559633
306,61,62,46196,0.221317143462000,1516,-77.452754999999996,169.232176000000010,30958,30959,-0.019699240000000,0.000035173121518
307,314,315,69545,0.055961202139900,1617,-77.452734000000007,169.232210000000010,30958,30959,-0.019699240000000,0.000006178546279
308,17,18,32348,0.329466955185000,1617,-77.452611000000005,169.229637999999990,30969,30970,0.019839180000000,0.000030537641941
309,200,201,50395,0.117617667364000,1718,-77.452614999999994,169.229558000000000,30970,30971,0.020903600000000,0.000023625859034
310,441,442,71424,0.344281653483000,1718,-77.452815000000001,169.236635000000010,30992,30993,-0.081005680000000,0.000095343464890
311,173,174,49972,-0.075274472579700,1415,-77.452892000000006,169.236594000000000,30993,30994,-0.076194290000000,0.000014814610816
312,233,234,50998,-0.133408603187000,1718,-77.452875000000006,169.236481000000000,30994,30995,-0.063385080000000,0.000030805330559
313,41,42,44329,-0.050803148736100,1415,-77.452834999999993,169.236255000000000,30997,30998,-0.023700220000000,0.000053410049329
314,474,475,71816,0.133883863743000,1718,-77.452856999999995,169.236039000000010,31000,31001,-0.016786150000000,0.000038186479992
315,452,453,71511,-0.068241674131700,1617,-77.452831000000003,169.235812000000010,31002,31003,-0.015528490000000,0.000050762200316
316,354,355,70228,-0.000521920094892,1718,-77.452850999999995,169.235788000000010,31003,31004,-0.015646370000000,0.000032367435781
317,420,421,71058,-0.082215669725200,1617,-77.452845999999994,169.235668000000000,31004,31005,-0.015120010000000,0.000021225428134
318,150,151,49415,0.129816189810000,1617,-77.452841000000006,169.234760999999990,31009,31010,-0.037680200000000,0.000018497228452
319,74,75,46408,-0.188481600804000,1718,-77.452799999999996,169.234272000000000,31015,31016,-0.033354850000000,0.000010364234945
320,485,486,71961,-0.068241674131700,1617,-77.452752000000004,169.233228999999990,31016,31017,0.025891260000000,0.000021407275952
321,81,82,46581,0.223151511539000,1516,-77.452702000000002,169.231485999999990,31022,31023,-0.005804880000000,0.000011153393720
322,309,310,69448,0.072239960484000,1617,-77.452624000000000,169.229695999999990,31027,31028,0.019118510000000,0.000023871617142
323,138,139,49030,-0.065045108569100,1415,-77.452870000000004,169.236377000000000,31054,31055,-0.032976120000000,0.000025383670223
324,352,353,70213,0.237414377152000,1617,-77.452828999999994,169.236054999999990,31056,31057,-0.018267680000000,0.000060993460480
325,464,465,71632,0.071650701959600,1718,-77.452822999999995,169.234728999999990,31061,31062,-0.038656260000000,0.000028047399617
326,80,81,46555,0.280882266845000,1718,-77.452691000000002,169.233154000000010,31068,31069,0.041058090000000,0.000051390615820
327,408,409,70888,0.167784330275000,1617,-77.452719999999999,169.233172000000000,31068,31069,0.041058090000000,0.000035373772847
328,262,263,51598,0.212832220217000,1718,-77.452759999999998,169.232938999999990,31070,31071,0.045516770000000,0.000047647103953
329,217,218,50774,-0.015563791729200,1617,-77.452731999999997,169.232911000000000,31071,31072,0.044972510000000,0.000013988142403
330,31,32,42766,0.095892822071800,1516,-77.452720999999997,169.232094999999990,31073,31074,0.003247860000000,0.000031457143259
331,82,83,46599,0.037979685449400,1718,-77.452770999999998,169.234563000000010,31112,31113,-0.039416150000000,0.000011496677371
332,231,232,50992,0.426630304469000,1617,-77.452770000000001,169.234229000000000,31116,31117,-0.044510190000000,0.000002324268256
333,179,180,50022,0.118134460953000,1415,-77.452652000000000,169.229376000000000,31135,31136,0.020198100000000,0.000084900576715
334,298,299,69247,-0.072354636160200,1415,-77.452674000000002,169.229340000000010,31135,31136,0.020198100000000,0.000112678592613
335,353,354,70220,-0.060623067357900,1516,-77.452565000000007,169.229346999999990,31135,31136,0.020198100000000,0.000028698746885
336,256,257,51491,0.127268933044000,1718,-77.452590000000001,169.229321000000000,31136,31137,0.020231350000000,0.000038149171762
337,447,448,71475,-0.068241674131700,1617,-77.452753000000001,169.234627999999990,31173,31174,-0.037026130000000,0.000030992150216
338,66,67,46279,0.264040828454000,1718,-77.452730000000003,169.234133000000010,31179,31180,-0.012777560000000,0.000033491335669
339,5,6,32019,0.020553939254100,1617,-77.452738999999994,169.233854000000010,31181,31182,-0.018589600000000,0.000021737104515
340,330,331,69828,-0.062502646215600,1718,-77.452709999999996,169.233733000000000,31182,31183,-0.016204160000000,0.000026408550340
341,507,508,72829,0.231575023743000,1718,-77.452692999999996,169.233659999999990,31246,31247,-0.013818900000000,0.000028618377467
342,10,11,32159,-0.098790363029800,1718,-77.452706000000006,169.233607000000010,31247,31248,-0.012507890000000,0.000005128857605
343,165,166,49842,-0.205784612818000,1718,-77.452622000000005,169.231979999999990,31315,31316,0.009946020000000,0.000008109673148
344,105,106,47367,-0.092167588481700,1718,-77.452600000000004,169.231891999999990,31316,31317,0.009878930000000,0.000015572875431
345,142,143,49229,-0.000250816244575,1718,-77.452299999999994,169.224317000000010,31341,31342,0.005886250000000,0.000006344055895
346,498,499,72113,-0.068241674131700,1617,-77.452757000000005,169.234833000000010,31370,31371,-0.039766800000000,0.000062811384953
347,431,432,71278,-0.068241674131700,1617,-77.452690000000004,169.234478999999990,31460,31461,-0.035474860000000,0.000008929299536
348,343,344,69959,0.107510007764000,1718,-77.452680999999998,169.234069000000010,31464,31465,-0.019420700000000,0.000015585975334
349,488,489,72003,-0.068241674131700,1617,-77.452640000000002,169.233810000000010,31467,31468,-0.012854290000000,0.000018242254819
350,412,413,70940,0.167784330275000,1617,-77.452663000000001,169.233757000000000,31468,31469,-0.011249690000000,0.000027150331119
351,73,74,46404,-0.178379957482000,1617,-77.452640000000002,169.233465999999990,31470,31471,-0.004154240000000,0.000018935217214
352,292,293,62335,0.065110816290500,1718,-77.452591999999996,169.233486000000000,31470,31471,-0.004154240000000,0.000052336152395
353,460,461,71600,0.094281653482700,1718,-77.452633000000006,169.233408999999990,31471,31472,-0.001975290000000,0.000010447084527
354,135,136,48978,0.088830961760900,1718,-77.452402000000006,169.227625999999990,31485,31486,-0.010475200000000,0.000018268694972
355,347,348,70059,-0.072354636160200,1415,-77.452762000000007,169.235064999999990,31550,31551,-0.032934180000000,0.000183802178313
356,37,38,43757,0.041754363758100,1617,-77.452674000000002,169.234737000000000,31552,31553,-0.035549550000000,0.000004583954944
357,260,261,51593,-0.027556679297900,1617,-77.452635999999998,169.234134000000010,31559,31560,-0.023077290000000,0.000029893922109
358,257,258,51495,0.058621075010100,1617,-77.452659999999995,169.234075999999990,31560,31561,-0.019423950000000,0.000009770134875
359,78,79,46514,0.188533958317000,1617,-77.452644000000006,169.233915000000000,31562,31563,-0.009150930000000,0.000003675834251
360,465,466,71652,-0.068241674131700,1617,-77.452642999999995,169.234330000000000,31646,31647,-0.028526180000000,0.000008311008997
361,476,477,71864,-0.078725804599100,1617,-77.452590999999998,169.233755000000000,31653,31654,-0.010451580000000,0.000028752164747
362,403,404,70816,0.095722995685500,1718,-77.452607999999998,169.233434999999990,31655,31656,-0.033231880000000,0.000003227499918
363,504,505,72165,-0.138243836177000,1718,-77.452530999999993,169.233381000000010,31656,31657,-0.031621630000000,0.000076779197942
364,117,118,48255,0.058373296446300,1415,-77.452518999999995,169.231306999999990,31666,31667,0.010691590000000,0.000012418669667
365,281,282,62157,0.191735559015000,1516,-77.452358000000004,169.227691999999990,31673,31674,-0.010291850000000,0.000018829710474
366,296,297,69238,0.260978697173000,1415,-77.452355999999995,169.226564999999990,31686,31687,-0.006151770000000,0.000052857410634
367,267,268,62043,0.264673652898000,1617,-77.452625999999995,169.234212000000010,31738,31739,-0.023638960000000,0.000023993046480
368,64,65,46234,0.401235735845000,1617,-77.452612000000002,169.233946000000000,31741,31742,-0.015699410000000,0.000005466003630
369,471,472,71800,0.377242104004000,1617,-77.452466999999999,169.232440000000000,31745,31746,0.005040300000000,0.000097051104873
370,113,114,47953,0.188376846153000,1617,-77.452352000000005,169.227214000000000,31764,31765,-0.009321030000000,0.000028310956406
371,505,506,72786,0.185722573377000,1718,-77.452661000000006,169.235423999999990,31832,31833,-0.016160460000000,0.000017983048731
372,377,378,70512,-0.196422983193000,1718,-77.452590000000001,169.234347000000010,31838,31839,-0.029535700000000,0.000028143756617
373,449,450,71479,0.094281653482700,1718,-77.452622000000005,169.234381000000010,31838,31839,-0.029535700000000,0.000019012492756
374,463,464,71621,-0.068241674131700,1617,-77.452563999999995,169.234036000000000,31842,31843,-0.027563480000000,0.000029555893536
375,259,260,51583,0.404195995177000,1415,-77.452511999999999,169.232221000000010,31846,31847,0.001002520000000,0.000011792349853
376,47,48,44739,0.081680782135800,1718,-77.452470000000005,169.230940000000000,31855,31856,-0.024126260000000,0.000025907343085
377,44,45,44436,0.057172041724900,1617,-77.452477000000002,169.230543000000010,31860,31861,-0.017472650000000,0.000049577253528
378,60,61,46146,0.305930407266000,1415,-77.452395999999993,169.228715999999990,31862,31863,0.030077300000000,0.000032469531149
379,166,167,49865,0.118317197871000,1617,-77.452629000000002,169.235613000000000,31932,31933,-0.018678420000000,0.000012489914964
380,26,27,41543,-0.103087252157000,1516,-77.452617000000004,169.235452000000010,31934,31935,-0.016141040000000,0.000016311555442
381,222,223,50903,0.051448709818900,1718,-77.452627000000007,169.234805999999990,31939,31940,-0.033882030000000,0.000023120012455
382,214,215,50707,-0.184988205112000,1516,-77.452592999999993,169.234704999999990,31940,31941,-0.040310920000000,0.000013273932650
383,324,325,69760,0.260978697173000,1415,-77.452592999999993,169.234309000000000,31945,31946,-0.030903260000000,0.000009608957564
384,238,239,51055,0.207983411738000,1718,-77.452520000000007,169.232101000000000,31950,31951,-0.001833970000000,0.000032396182925
385,30,31,42317,0.061811055260200,1718,-77.452428999999995,169.231789999999990,31953,31954,0.008319610000000,0.000063127579539
386,359,360,70303,0.096498737107400,1718,-77.452617000000004,169.235475000000010,32039,32040,-0.018219070000000,0.000005103608193
387,18,19,32355,0.080610300955200,1516,-77.452521000000004,169.234496000000010,32048,32049,-0.031954180000000,0.000054977082902
388,331,332,69838,-0.100676361014000,1617,-77.452555000000004,169.234432000000000,32049,32050,-0.033242270000000,0.000035031425267
389,466,467,71689,0.265091659202000,1617,-77.452573000000001,169.233746000000000,32052,32053,-0.051950010000000,0.000029319352088
390,264,265,62018,0.315016505558000,1617,-77.452358000000004,169.229814000000000,32072,32073,0.027107240000000,0.000029897891089
391,237,238,51053,-0.037167779783300,1718,-77.452651000000003,169.236030000000000,32143,32144,-0.032713880000000,0.000043515987674
392,287,288,62204,-0.113554923013000,1617,-77.452644000000006,169.236054000000000,32143,32144,-0.032713880000000,0.000024104667874
393,458,459,71587,0.265091659202000,1617,-77.452568999999997,169.235755000000010,32147,32148,-0.025815850000000,0.000044573103622
394,162,163,49779,-0.036946626040500,1718,-77.452605000000005,169.235477000000000,32150,32151,-0.021749890000000,0.000011695838330
395,272,273,62103,-0.027556679297900,1617,-77.452573999999998,169.234996000000000,32154,32155,-0.022224720000000,0.000004737252144
396,268,269,62061,0.167413553186000,1516,-77.452549000000005,169.234568999999990,32159,32160,-0.032015170000000,0.000016269794123
397,319,320,69644,0.351254816309000,1516,-77.452603999999994,169.236093000000010,32242,32243,-0.032939360000000,0.000015720155892
398,511,512,73071,0.231575023743000,1718,-77.452602999999996,169.235846000000010,32245,32246,-0.019761910000000,0.000018387499497
399,170,171,49943,-0.182119487009000,1415,-77.452562999999998,169.235566000000010,32247,32248,-0.019264180000000,0.000026648099809
400,341,342,69928,0.111155735688000,1718,-77.452556999999999,169.235322999999990,32250,32251,-0.026638500000000,0.000021005012380
401,500,501,72140,0.133883863743000,1718,-77.452550000000002,169.234778000000010,32254,32255,-0.035634120000000,0.000016865817108
402,433,434,71310,0.142286550142000,1718,-77.452540999999997,169.234685000000010,32255,32256,-0.035362510000000,0.000007565075255
403,392,393,70708,0.364532284500000,1617,-77.452522999999999,169.233861999999990,32259,32260,-0.033500060000000,0.000012814523533
404,438,439,71373,0.344281653483000,1718,-77.452526000000006,169.235533000000000,32329,32330,-0.025442350000000,0.000038980414985
405,503,504,72158,0.195089497156000,1718,-77.452483999999998,169.234179000000010,32336,32337,-0.043958020000000,0.000031995813397
406,130,131,48878,-0.073160883036400,1617,-77.452298999999996,169.229590000000000,32346,32347,0.013154430000000,0.000018445272409
407,58,59,46133,-0.145265962247000,1718,-77.452341000000004,169.229529000000010,32347,32348,0.013181020000000,0.000032158269960
408,94,95,46813,-0.331922825764000,1617,-77.452523999999997,169.235054999999990,32404,32405,-0.048455910000000,0.000015791807423
409,295,296,62390,-0.101826620486000,1415,-77.452494999999999,169.234866000000010,32406,32407,-0.049592230000000,0.000023231465972
410,502,503,72156,-0.116116136257000,1718,-77.452528999999998,169.234801000000000,32407,32408,-0.051191260000000,0.000018018528455
411,278,279,62146,0.115300463559000,1617,-77.452489000000000,169.234228000000000,32408,32409,-0.047348630000000,0.000011355230184
412,479,480,71912,0.422504007050000,1617,-77.452511000000001,169.234242999999990,32408,32409,-0.047348630000000,0.000034105227842
413,289,290,62220,0.003333861597330,1718,-77.452470000000005,169.234127000000000,32409,32410,-0.082475260000000,0.000017578424763
414,92,93,46777,0.239349422369000,1718,-77.452307000000005,169.229706999999990,32415,32416,0.012644870000000,0.000015142789812
415,486,487,71984,0.094281653482700,1718,-77.452502999999993,169.235120999999990,32475,32476,-0.051753060000000,0.000017150315943
416,269,270,62088,0.160948475215000,1516,-77.452500000000001,169.235042999999990,32476,32477,-0.053735270000000,0.000013057546411
417,15,16,32248,-0.207205108125000,1617,-77.452443000000002,169.234387000000000,32561,32562,-0.047822370000000,0.000030821115187
418,144,145,49268,-0.245726017513000,1516,-77.452161000000004,169.227252999999990,32583,32584,-0.001103750000000,0.000004856774734
419,189,190,50197,-0.064242033519100,1718,-77.452019000000007,169.224103000000010,32595,32596,-0.011162690000000,0.000032146570044
420,363,364,70344,-0.070381695858700,1516,-77.452533000000003,169.236636000000000,32636,32637,-0.089771260000000,0.000013095308364
421,300,301,69273,-0.101588214429000,1415,-77.452220999999994,169.228667000000000,32658,32659,0.017725090000000,0.000016780431041
422,112,113,47867,0.010463716759600,1718,-77.452196999999998,169.228194000000000,32661,32662,0.034843070000000,0.000021561669063
423,462,463,71611,-0.068241674131700,1617,-77.452472000000000,169.236424000000000,32730,32731,-0.066980000000000,0.000034747239568
424,483,484,71953,0.194269622723000,1718,-77.452477000000002,169.236468000000000,32730,32731,-0.066980000000000,0.000057994888440
425,284,285,62184,-0.164220196661000,1718,-77.452481000000006,169.235904000000000,32734,32735,0.000286830000000,0.000020913426603
426,102,103,47092,-0.015430930821900,1617,-77.452404000000001,169.234343999999990,32741,32742,-0.050735940000000,0.000024544439782
427,21,22,32462,0.216071089648000,1718,-77.452268000000004,169.230599000000010,32751,32752,0.037539500000000,0.000021516462537
428,210,211,50577,-0.167627732664000,1718,-77.451905999999994,169.222581999999990,32793,32794,0.014068770000000,0.000033680948857
429,407,408,70880,0.042390664020900,1718,-77.452485999999993,169.236051000000000,32832,32833,-0.013302940000000,0.000032275430550
430,242,243,51144,0.036241835908200,1617,-77.452428999999995,169.236055999999990,32933,32934,-0.022614550000000,0.000030440589779
431,432,433,71280,-0.116116136257000,1718,-77.452466000000001,169.235745000000010,32936,32937,-0.011227770000000,0.000051411376696
432,273,274,62106,-0.077654823132500,1617,-77.452316999999994,169.233256000000010,32951,32952,0.022242350000000,0.000025633132655
433,11,12,32189,-0.168916613127000,1617,-77.452330000000003,169.233139999999990,32952,32953,0.026096080000000,0.000019437177068
434,411,412,70914,0.034640451374100,1718,-77.452276999999995,169.232001000000000,32954,32955,-0.015567010000000,0.000011762046029
435,484,485,71957,-0.116116136257000,1718,-77.452397000000005,169.235464000000010,33044,33045,-0.021435080000000,0.000020181769232
436,339,340,69913,0.150015411569000,1617,-77.452434999999994,169.235136000000010,33048,33049,-0.030217320000000,0.000038925357745
437,274,275,62113,-0.029814224150200,1718,-77.452372999999994,169.234649999999990,33053,33054,-0.045987190000000,0.000007052874500
438,416,417,71024,-0.165359548626000,1718,-77.452366999999995,169.234477000000000,33055,33056,-0.038047040000000,0.000014222599461
439,280,281,62155,-0.204912664536000,1617,-77.452320999999998,169.234390999999990,33056,33057,-0.038628790000000,0.000049751975290
440,446,447,71472,0.234917057171000,1617,-77.452354000000000,169.234411999999990,33056,33057,-0.038628790000000,0.000014085318347
441,288,289,62212,-0.139248640424000,1718,-77.452375000000004,169.234179000000010,33058,33059,-0.046958260000000,0.000024722647514
442,370,371,70439,0.202641052375000,1718,-77.452079999999995,169.227010000000010,33075,33076,-0.000288440000000,0.000018930359631
443,62,63,46210,0.046768810697600,1718,-77.452000999999996,169.225445000000010,33083,33084,-0.016556650000000,0.000004616554572
444,46,47,44554,0.264039612348000,1718,-77.451840000000004,169.221460000000010,33102,33103,-0.009674570000000,0.000035285283379
445,283,284,62174,-0.122974809083000,1415,-77.452397000000005,169.235250000000010,33143,33144,-0.030367950000000,0.000013704470877
446,373,374,70456,-0.060623067357900,1516,-77.452376999999998,169.234612000000000,33151,33152,-0.035209020000000,0.000031130466288
447,67,68,46286,-0.153929639691000,1415,-77.452245000000005,169.232181999999990,33165,33166,-0.009191020000000,0.000024786955574
448,397,398,70757,-0.196422983193000,1718,-77.452281999999997,169.232227999999990,33165,33166,-0.009191020000000,0.000034590573473
449,436,437,71346,0.133883863743000,1718,-77.452368000000007,169.235255000000000,33234,33235,-0.033565650000000,0.000007543496641
450,0,1,31840,0.368657371026000,1617,-77.452286000000001,169.233297999999990,33245,33246,-0.040063150000000,0.000010060250949
451,24,25,32565,0.453268181943000,1617,-77.452258000000000,169.233268000000010,33245,33246,-0.040063150000000,0.000033075086371
452,275,276,62116,0.040658423678000,1718,-77.452280000000002,169.233110000000010,33247,33248,-0.030181020000000,0.000013810371646
453,435,436,71332,0.265091659202000,1617,-77.452269999999999,169.232875000000010,33250,33251,-0.018665930000000,0.000003269230829
454,294,295,62348,0.065110816290500,1718,-77.452285000000003,169.232546000000010,33254,33255,-0.012309480000000,0.000031369844309
455,223,224,50914,0.250639021512000,1718,-77.452360999999996,169.235375000000000,33319,33320,-0.035148410000000,0.000017717992656
456,12,13,32204,0.234542970304000,1718,-77.452209999999994,169.232267000000010,33342,33343,-0.016884050000000,0.000034796146214
457,266,267,62029,0.352739424305000,1617,-77.452342000000002,169.235529000000010,33408,33409,-0.037309810000000,0.000011405375226
458,218,219,50799,0.044200517432200,1415,-77.452254999999994,169.235277000000000,33409,33410,-0.038352590000000,0.000076891103361
459,409,410,70892,0.021516545426600,1718,-77.452287999999996,169.234769000000000,33415,33416,-0.041448400000000,0.000037820445064
460,114,115,48099,0.274661509092000,1415,-77.452224999999999,169.232977000000010,33423,33424,-0.025017230000000,0.000016637265822
461,13,14,32221,-0.207205108125000,1617,-77.452217000000005,169.232717000000010,33426,33427,-0.017442500000000,0.000027687203004
462,20,21,32426,0.166333454041000,1718,-77.452264999999997,169.234860000000000,33495,33496,-0.047285010000000,0.000048452768259
463,422,423,71103,0.272710265975000,1516,-77.452270999999996,169.235151000000000,33564,33565,-0.056242980000000,0.000018970041192
464,225,226,50936,0.012426685197300,1718,-77.452287999999996,169.235107000000000,33565,33566,-0.055374580000000,0.000029236901554
465,467,468,71695,0.344281653483000,1718,-77.452059000000006,169.229944999999990,33585,33586,0.011931600000000,0.000036218373876
466,39,40,44233,-0.146279008775000,1415,-77.451868000000005,169.224786999999990,33597,33598,-0.002703280000000,0.000012924515526
467,100,101,47010,0.105930407266000,1415,-77.452078000000000,169.230257999999990,33653,33654,0.007198880000000,0.000021267115800
468,178,179,50005,-0.198290705624000,1516,-77.451892000000001,169.225952000000010,33660,33661,0.004224770000000,0.000011963525106
469,239,240,51061,0.144678656399000,1516,-77.452218999999999,169.233490999999990,33707,33708,-0.027939600000000,0.000046980161911
470,226,227,50945,0.071473629730100,1718,-77.452183000000005,169.233380000000010,33708,33709,-0.028900530000000,0.000006285565585
471,316,317,69555,0.135625512806000,1718,-77.452130999999994,169.231396999999990,33716,33717,-0.058345230000000,0.000037182542677
472,19,20,32378,-0.153689952542000,1415,-77.452174999999997,169.233524999999990,33774,33775,-0.031397330000000,0.000038177411599
473,437,438,71362,0.142286550142000,1718,-77.452056999999996,169.231125999999990,33983,33984,0.005343940000000,0.000049145996431
474,103,104,47096,-0.124847089109000,1415,-77.452014000000005,169.231081999999990,33984,33985,0.006908350000000,0.000023921221927
475,456,457,71562,0.142286550142000,1718,-77.452056999999996,169.230985000000000,33985,33986,0.006614850000000,0.000054081373391
476,70,71,46324,0.008580191599340,1718,-77.452040999999994,169.232160999999990,34051,34052,-0.016017430000000,0.000018607940381
477,356,357,70256,0.177662808419000,1718,-77.451777000000007,169.226369000000010,34079,34080,-0.030130600000000,0.000025228154167
478,177,178,50000,-0.042935563700900,1617,-77.452012999999994,169.232094999999990,34120,34121,-0.014695160000000,0.000017557893487
479,381,382,70545,0.182815348021000,1718,-77.452015000000003,169.231368000000000,34124,34125,0.000561410000000,0.000045600849265
480,213,214,50696,0.243317197871000,1617,-77.451943000000000,169.230308000000010,34207,34208,0.008890850000000,0.000034045237004
481,122,123,48504,0.141092609377000,1718,-77.451920000000001,169.230050000000010,34209,34210,0.008818490000000,0.000017117581210
482,455,456,71556,0.049017748628200,1718,-77.452010999999999,169.232492000000010,34275,34276,-0.031282520000000,0.000033187274414
483,14,15,32231,-0.055463934629200,1718,-77.452033000000000,169.232600999999990,34354,34355,-0.039455090000000,0.000056831807486
484,9,10,32124,0.139167330780000,1617,-77.451936000000003,169.231711999999990,34362,34363,-0.000562220000000,0.000005468896821
485,129,130,48877,-0.073160883036400,1617,-77.451947000000004,169.230449999999990,34365,34366,-0.000957470000000,0.000080027581229
486,120,121,48391,0.000727448612559,1718,-77.451823000000005,169.230245999999990,34367,34368,0.007476520000000,0.000058701058336
487,395,396,70732,0.096498737107400,1718,-77.451950999999994,169.232741000000000,34504,34505,-0.050423890000000,0.000010597891526
488,126,127,48783,0.326274773098000,1516,-77.451811000000006,169.230412000000000,34517,34518,-0.003075930000000,0.000043411853208
489,124,125,48643,0.061587870450500,1718,-77.451729000000000,169.227465999999990,34532,34533,-0.040124510000000,0.000001374430034
490,207,208,50529,0.060685039732400,1617,-77.451712999999998,169.227926999999990,34693,34694,-0.004920990000000,0.000017351176503
491,175,176,49990,0.023615646672500,1718,-77.451763999999997,169.228803000000000,34755,34756,0.001735300000000,0.000066711933740
492,7,8,32087,0.142255542173000,1516,-77.451885000000004,169.233045000000000,34802,34803,-0.085761750000000,0.000004219865831
493,478,479,71906,-0.191046783191000,1718,-77.451847000000001,169.232091999999990,34859,34860,-0.011142400000000,0.000030571348137
494,372,373,70449,0.167784330275000,1617,-77.451751999999999,169.230590000000010,34865,34866,-0.020968820000000,0.000013269253267
495,282,283,62165,0.058621075010100,1617,-77.451862000000006,169.233071999999990,34902,34903,-0.146587860000000,0.000012664375143
496,203,204,50412,0.061328686871000,1415,-77.451535000000007,169.226247000000000,34982,34983,-0.000609630000000,0.000019903143042
497,229,230,50981,0.003315009769700,1617,-77.451710000000006,169.230982000000010,35088,35089,-0.018733480000000,0.000003098814388
498,220,221,50898,-0.256512351621000,1617,-77.451655000000002,169.231350999999990,35270,35271,-0.035079720000000,0.000013417389232
499,439,440,71387,-0.116116136257000,1718,-77.451667999999998,169.231844000000000,35440,35441,-0.087386350000000,0.000047544723784
500,128,129,48840,-0.118956844855000,1718,-77.451623999999995,169.231491000000010,35444,35445,-0.033335510000000,0.000008813495776
501,261,262,51596,0.360474791682000,1718,-77.451372000000006,169.226023000000000,35469,35470,-0.015345170000000,0.000039875248576
502,450,451,71484,-0.116116136257000,1718,-77.451606999999996,169.231831000000000,35500,35501,-0.092522120000000,0.000005840013387
503,493,494,72060,0.133883863743000,1718,-77.451552000000007,169.231069999999990,35687,35688,-0.019126380000000,0.000030925169849
504,84,85,46639,0.137432915999000,1516,-77.451176000000004,169.223223999999990,35722,35723,-0.006274340000000,0.000031169229291
505,137,138,49021,0.196994793896000,1516,-77.451172999999997,169.228939999999990,36543,36544,-0.000724030000000,0.000038250721862
506,326,327,69766,0.150753675736000,1718,-77.450719000000007,169.221707000000010,36883,36884,0.002631610000000,0.000006844312543
507,290,291,62295,0.125140759148000,1516,-77.450802999999993,169.229127000000010,37153,37154,0.015555570000000,0.000090547688533
508,194,195,50259,0.213618422418000,1617,-77.450643999999997,169.224283000000010,37173,37174,-0.013376250000000,0.000033478647446
509,481,482,71944,-0.078725804599100,1617,-77.450689999999994,169.228030999999990,37224,37225,0.014978230000000,0.000006307000581
510,22,23,32480,-0.117363646680000,1415,-77.449955000000003,169.228680000000000,37672,37673,-0.057196590000000,0.000011715728365
511,379,380,70537,-0.095918956181500,1617,-77.449971000000005,169.226817000000010,37686,37687,-0.030323800000000,0.000223245362209
512,186,187,50115,0.115785558500000,1516,-77.449687999999995,169.228690000000000,38033,38034,-0.076587930000000,0.000054302685761